24000 478.189292
23950 478.216344
23900 478.462932
23850 478.707124
23800 478.948748
23750 479.187706
23700 479.216779
23650 479.453486
23600 479.687388
23550 479.918494
23500 479.949106
23450 480.17786
23400 480.403688
23350 480.626452
23300 480.658522
23250 480.878568
23200 481.095368
23150 481.308928
23100 481.519109
23050 481.552886
23000 481.76001
22950 481.963592
22900 482.163587
22850 482.35993
22800 482.552503
22750 482.588055
22700 482.777108
22650 482.962257
22600 483.143431
22550 483.320573
22500 483.493607
22450 483.66243
22400 483.827015
22350 483.987222
22300 484.143176
22250 484.29486
22200 484.332324
22150 484.479574
22100 484.622155
22050 484.760059
22000 484.893237
21950 485.02165
21900 485.059227
21850 485.182715
21800 485.301301
21750 485.414892
21700 485.523431
21650 485.560781
21600 485.664276
21550 485.762725
21500 485.856018
21450 485.893027
21400 485.981007
21350 486.063764
21300 486.1413
21250 486.177857
21200 486.249986
21150 486.316813
21100 486.378306
21050 486.414304
21000 486.470282
20950 486.520879
20900 486.566109
20850 486.605997
20800 486.640538
20750 486.675817
20700 486.704997
20650 486.728904
20600 486.74757
20550 486.761024
20500 486.769282
20450 486.772369
20400 486.770317
20350 486.763151
20300 486.750922
20250 486.7869
20200 486.769832
20150 486.747777
20100 486.720779
20050 486.68888
20000 486.652132
19950 486.610535
19900 486.648315
19850 486.602056
19800 486.550857
19750 486.494693
19700 486.433547
19650 486.471959
19600 486.405784
19550 486.334537
19500 486.258205
19450 486.296331
19400 486.214707
19350 486.127944
19300 486.036031
19250 486.073202
19200 485.975779
19150 485.873193
19100 485.765439
19050 485.801042
19000 485.687617
18950 485.569018
18900 485.445322
18850 485.31661
18800 485.183003
18750 485.215864
18700 485.077068
18650 484.933564
18600 484.785448
18550 484.632822
18500 484.475773
18450 484.31437
18400 484.345427
18350 484.179628
18300 484.009722
18250 483.835761
18200 483.657845
18150 483.476061
18100 483.290489
18050 483.101223
18000 483.131802
17950 482.938933
17900 482.742502
17850 482.542549
17800 482.339126
17750 482.132303
17700 482.162702
17650 481.952354
17600 481.738662
17550 481.521658
17500 481.301404
17450 481.077977
17400 481.107385
17350 480.880596
17300 480.650882
17250 480.418202
17200 480.182667
17150 480.210822
17100 479.97217
17050 479.73078
17000 479.486759
16950 479.240195
16900 479.266817
16850 479.017575
16800 478.765967
16750 478.512084
16700 478.537642
16650 478.281348
16600 478.023
16550 477.762663
16500 477.500505
16450 477.524988
16400 477.260832
16350 476.995046
16300 476.727673
16250 476.458825
16200 476.188625
16150 476.212041
16100 475.940362
16050 475.667471
16000 475.393486
15950 475.118522
15900 474.842624
15850 474.865046
15800 474.588255
15750 474.310861
15700 474.032886
15650 473.754462
15600 473.475764
15550 473.196681
15500 472.917283
15450 472.637624
15400 472.658319
15350 472.378306
15300 472.098188
15250 471.818081
15200 471.538044
15150 471.258211
15100 470.978655
15050 470.997956
15000 470.718562
14950 470.439602
14900 470.161257
14850 469.883587
14800 469.901953
14750 469.62483
14700 469.348711
14650 469.073719
14600 469.091413
14550 468.817432
14500 468.544774
14450 468.273388
14400 468.290458
14350 468.02021
14300 467.75137
14250 467.484006
14200 467.500545
14150 467.234593
14100 466.970303
14050 466.707844
14000 466.447193
13950 466.18847
13900 466.204373
13850 465.947552
13800 465.692816
13750 465.440219
13700 465.189878
13650 464.941937
13600 464.696589
13550 464.453872
13500 464.213847
13450 463.976611
13400 463.74219
13350 463.510516
13300 463.281664
13250 463.055699
13200 462.832679
13150 462.612663
13100 462.62703
13050 462.40992
13000 462.195942
12950 461.985078
12900 461.777407
12850 461.791122
12800 461.5866
12750 461.385344
12700 461.187421
12650 461.200441
12600 461.005707
12550 460.814525
12500 460.826907
12450 460.639095
12400 460.454861
12350 460.466488
12300 460.285572
12250 460.108235
12200 459.934597
12150 459.945022
12100 459.774777
12050 459.608182
12000 459.445184
11950 459.285841
11900 459.294494
11850 459.138638
11800 458.986585
11750 458.838424
11700 458.69423
11650 458.55412
11600 458.418162
11550 458.28643
11500 458.159
11450 458.035993
11400 457.917436
11350 457.803455
11300 457.694088
11250 457.589471
11200 457.489767
11150 457.39498
11100 457.30518
11050 457.220419
11000 457.140778
10950 457.066324
10900 457.07665
10850 457.00776
10800 456.943954
10750 456.885207
10700 456.896743
10650 456.843179
10600 456.794546
10550 456.806426
10500 456.762695
10450 456.723723
10400 456.735456
10350 456.701061
10300 456.671298
10250 456.682377
10200 456.656865
10150 456.635807
10100 456.619118
10050 456.628538
10000 456.615622
9950 456.606939
9900 456.602489
9850 456.602329
9800 456.606462
9750 456.614916
9700 456.627712
9650 456.644883
9600 456.666472
9550 456.692491
9500 456.722969
9450 456.726694
9400 456.761341
9350 456.800507
9300 456.844209
9250 456.89247
9200 456.945312
9150 457.002764
9100 457.064823
9050 457.131502
9000 457.202804
8950 457.278734
8900 457.359286
8850 457.361383
8800 457.446536
8750 457.536285
8700 457.630617
8650 457.72952
8600 457.731684
8550 457.835174
8500 457.943192
8450 457.945505
8400 458.05807
8350 458.17511
8300 458.177635
8250 458.299185
8200 458.425175
8150 458.555595
8100 458.558477
8050 458.693357
8000 458.832569
7950 458.976056
7900 459.123748
7850 459.127019
7800 459.278804
7750 459.434575
7700 459.59424
7650 459.75773
7600 459.924967
7550 460.095843
7500 460.270279
7450 460.448192
7400 460.449937
7350 460.630902
7300 460.815148
7250 461.002595
7200 461.193183
7150 461.386808
7100 461.583397
7050 461.782892
7000 461.985199
6950 462.190257
6900 462.398032
6850 462.394758
6800 462.604847
6750 462.817664
6700 463.033212
6650 463.251475
6600 463.472387
6550 463.695939
6500 463.690441
6450 463.916403
6400 464.144949
6350 464.376052
6300 464.369969
6250 464.603623
6200 464.839816
6150 465.078401
6100 465.072077
6050 465.312941
6000 465.556052
5950 465.801403
5900 465.795011
5850 466.04229
5800 466.291498
5750 466.542502
5700 466.535648
5650 466.788131
5600 467.042167
5550 467.297642
5500 467.289876
5450 467.546325
5400 467.803993
5350 468.062785
5300 468.053774
5250 468.313189
5200 468.573514
5150 468.834717
5100 469.096667
5050 469.359314
5000 469.622529
4950 469.886443
4900 470.150889
4850 470.415806
4800 470.681246
4750 470.947083
4700 471.213296
4650 471.479682
4600 471.746153
4550 472.012755
4500 472.279239
4450 472.545622
4400 472.811738
4350 473.077548
4300 473.343002
4250 473.607916
4200 473.872239
4150 474.135873
4100 474.118515
4050 474.380988
4000 474.642505
3950 474.903083
3900 474.884363
3850 475.143487
3800 475.124172
3750 475.381612
3700 475.36169
3650 475.617348
3600 475.596831
3550 475.85061
3500 475.82951
3450 476.081344
3400 476.059686
3350 476.309548
3300 476.28736
3250 476.535208
3200 476.781287
3150 477.025537
3100 477.002097
3050 477.244018
3000 477.483969
2950 477.72193
2900 478.2166
2850 478.448356
2800 478.677833
2750 479.155767
2700 479.378201
2650 479.598102
2600 480.057422
2550 480.269581
2500 480.713494
2450 480.917277
2400 481.344713
2350 481.539643
2300 481.73135
2250 482.13449
2200 482.316297
2150 482.494596
2100 482.669338
2050 482.840461
2000 483.007957
1950 483.171713
1900 483.140687
1850 483.300426
1800 483.26913
1750 483.237781
1700 483.393182
1650 483.361504
1600 483.329736
1550 483.297868
1500 483.448455
1450 483.416168
1400 483.383744
1350 483.351172
1300 483.31844
1250 483.285538
1200 483.430377
1150 483.3969
1100 483.53721
1050 483.503104
1000 483.638757
950 483.603971
900 483.734911
850 483.861428
800 483.983515
750 484.251805
700 484.361055
650 484.604153
600 484.699901
550 484.916791
500 485.116018
450 485.401639
400 485.555821
350 485.773701
300 485.950128
250 486.135242
200 486.213766
150 486.267784
100 486.246679
50 486.127042
0 485.892135
