24000 461.347481
23950 461.363879
23900 461.198187
23850 461.034761
23800 460.873644
23750 460.714871
23700 460.7311
23650 460.57471
23600 460.420782
23550 460.269341
23500 460.285473
23450 460.13651
23400 459.990142
23350 459.846399
23300 459.862422
23250 459.721287
23200 459.582851
23150 459.447158
23100 459.314261
23050 459.330149
23000 459.200035
22950 459.072769
22900 458.948433
22850 458.827066
22800 458.708684
22750 458.724497
22700 458.609157
22650 458.496925
22600 458.387825
22550 458.281923
22500 458.179246
22450 458.07983
22400 457.983681
22350 457.890917
22300 457.801518
22250 457.715531
22200 457.731818
22150 457.649399
22100 457.570496
22050 457.495153
22000 457.423503
21950 457.355598
21900 457.372675
21850 457.308666
21800 457.248364
21750 457.191831
21700 457.139104
21650 457.156985
21600 457.10825
21550 457.063406
21500 457.022465
21450 457.041018
21400 457.004027
21350 456.970873
21300 456.941589
21250 456.960886
21200 456.935652
21150 456.914365
21100 456.896902
21050 456.916963
21000 456.903592
20950 456.894097
20900 456.888545
20850 456.887087
20800 456.889633
20750 456.910674
20700 456.917295
20650 456.927798
20600 456.942133
20550 456.960354
20500 456.98241
20450 457.00826
20400 457.037862
20350 457.0712
20300 457.10827
20250 457.129104
20200 457.16977
20150 457.214105
20100 457.262083
20050 457.31373
20000 457.368888
19950 457.427722
19900 457.447117
19850 457.50949
19800 457.575491
19750 457.64521
19700 457.718598
19650 457.737379
19600 457.814517
19550 457.895348
19500 457.979915
19450 457.998744
19400 458.087267
19350 458.179587
19300 458.275731
19250 458.295084
19200 458.395311
19150 458.499337
19100 458.6073
19050 458.627611
19000 458.739767
18950 458.85609
18900 458.976444
18850 459.1007
18800 459.228912
18750 459.250951
18700 459.383031
18650 459.518875
18600 459.658439
18550 459.801652
18500 459.948283
18450 460.098309
18400 460.12106
18350 460.274456
18300 460.431096
18250 460.590963
18200 460.753932
18150 460.920103
18100 461.089548
18050 461.262098
18000 461.284242
17950 461.459671
17900 461.638146
17850 461.819585
17800 462.00396
17750 462.191202
17700 462.212585
17650 462.402671
17600 462.595589
17550 462.79138
17500 462.989983
17450 463.191423
17400 463.212622
17350 463.416891
17300 463.623849
17250 463.833519
17200 464.045906
17150 464.067279
17100 464.282467
17050 464.50046
17000 464.720977
16950 464.944122
16900 464.965929
16850 465.191587
16800 465.419663
16750 465.650104
16700 465.672056
16650 465.904735
16600 466.139636
16550 466.376599
16500 466.615617
16450 466.637463
16400 466.878387
16350 467.121206
16300 467.365847
16250 467.612207
16200 467.860159
16150 467.88155
16100 468.130964
16050 468.382013
16000 468.634524
15950 468.888478
15900 469.143726
15850 469.164461
15800 469.421028
15750 469.678893
15700 469.937979
15650 470.198217
15600 470.459515
15550 470.72181
15500 470.985032
15450 471.249199
15400 471.269116
15350 471.533878
15300 471.799396
15250 472.065623
15200 472.332487
15150 472.599892
15100 472.86773
15050 472.887017
15000 473.155183
14950 473.423632
14900 473.692268
14850 473.961069
14800 473.979837
14750 474.248618
14700 474.517429
14650 474.786148
14600 474.804447
14550 475.072881
14500 475.341063
14450 475.608888
14400 475.626644
14350 475.893874
14300 476.160606
14250 476.426795
14200 476.443935
14150 476.709279
14100 476.973886
14050 477.237662
14000 477.500482
13950 477.762289
13900 477.778341
13850 478.038854
13800 478.298187
13750 478.556239
13700 478.812925
13650 479.068178
13600 479.321928
13550 479.57408
13500 479.824572
13450 480.0733
13400 480.320203
13350 480.565201
13300 480.808192
13250 481.049107
13200 481.287879
13150 481.524458
13100 481.537034
13050 481.771112
13000 482.002836
12950 482.232124
12900 482.45889
12850 482.470396
12800 482.694414
12750 482.915796
12700 483.134476
12650 483.145241
12600 483.361001
12550 483.573984
12500 483.584289
12450 483.794277
12400 484.001348
12350 484.011274
12300 484.215283
12250 484.416303
12200 484.614255
12150 484.623825
12100 484.818654
12050 485.010351
12000 485.198891
11950 485.384166
11900 485.393523
11850 485.575388
11800 485.753871
11750 485.928895
11700 486.100346
11650 486.268101
11600 486.432115
11550 486.592303
11500 486.74853
11450 486.900696
11400 487.048778
11350 487.192764
11300 487.332425
11250 487.467608
11200 487.598261
11150 487.724296
11100 487.845609
11050 487.962101
11000 488.073686
10950 488.180275
10900 488.181466
10850 488.282462
10800 488.378401
10750 488.469393
10700 488.468114
10650 488.553664
10600 488.634369
10550 488.631713
10500 488.707136
10450 488.777808
10400 488.774199
10350 488.839969
10300 488.901146
10250 488.897026
10200 488.95348
10150 489.005417
10100 489.052894
10050 489.04878
10000 489.092039
9950 489.130968
9900 489.165505
9850 489.195582
9800 489.221091
9750 489.242046
9700 489.258424
9650 489.270201
9600 489.277312
9550 489.279799
9500 489.277598
9450 489.274267
9400 489.267273
9350 489.255501
9300 489.238965
9250 489.217691
9200 489.191659
9150 489.160838
9100 489.12548
9050 489.08537
9000 489.040453
8950 488.99077
8900 488.936094
8850 488.93006
8800 488.870146
8750 488.805492
8700 488.735865
8650 488.661483
8600 488.653669
8550 488.574175
8500 488.48985
8450 488.480877
8400 488.391441
8350 488.297278
8300 488.287091
8250 488.187947
8200 488.084121
8150 487.975753
8100 487.96389
8050 487.850562
8000 487.732865
7950 487.610812
7900 487.484198
7850 487.470299
7800 487.339082
7750 487.203575
7700 487.063955
7650 486.920484
7600 486.773028
7550 486.621816
7500 486.466822
7450 486.308217
7400 486.292731
7350 486.130621
7300 485.964919
7250 485.795917
7200 485.62362
7150 485.4482
7100 485.269618
7050 485.088196
7000 484.903808
6950 484.716466
6900 484.526306
6850 484.511936
6800 484.318945
6750 484.123079
6700 483.924368
6650 483.722824
6600 483.518568
6550 483.311527
6500 483.297074
6450 483.087247
6400 482.874764
6350 482.659793
6300 482.644702
6250 482.426921
6200 482.206638
6150 481.984075
6100 481.968059
6050 481.742856
6000 481.515408
5950 481.285842
5900 481.268759
5850 481.036909
5800 480.803228
5750 480.567816
5700 480.550033
5650 480.312741
5600 480.073927
5550 479.833631
5500 479.815578
5450 479.573885
5400 479.330954
5350 479.086919
5300 479.068935
5250 478.823877
5200 478.577836
5150 478.330914
5100 478.083172
5050 477.83469
5000 477.585525
4950 477.335723
4900 477.085385
4850 476.834549
4800 476.583272
4750 476.331616
4700 476.079608
4650 475.827304
4600 475.574837
4550 475.322211
4500 475.069554
4450 474.816904
4400 474.564334
4350 474.311933
4300 474.05975
4250 473.807881
4200 473.556419
4150 473.305475
4100 473.289142
4050 473.038854
4000 472.789265
3950 472.540422
3900 472.524352
3850 472.276491
3800 472.260506
3750 472.013774
3700 471.997887
3650 471.752357
3600 471.736583
3550 471.492337
3500 471.47668
3450 471.233863
3400 471.218312
3350 470.976971
3300 470.961516
3250 470.721652
3200 470.483154
3150 470.246094
3100 470.231015
3050 469.995617
3000 469.761743
2950 469.529432
2900 469.084208
2850 468.856831
2800 468.631252
2750 468.199637
2700 467.979617
2650 467.761577
2600 467.345186
2550 467.133345
2500 466.729448
2450 466.524244
2400 466.133652
2350 465.935457
2300 465.739698
2250 465.368109
2200 465.179833
2150 464.994151
2100 464.811094
2050 464.630706
2000 464.453041
1950 464.278175
1900 464.266038
1850 464.094051
1800 464.081915
1750 464.069726
1700 463.900798
1650 463.888677
1600 463.876535
1550 463.864383
1500 463.698767
1450 463.686787
1400 463.674832
1350 463.662912
1300 463.651044
1250 463.639236
1200 463.477602
1150 463.466099
1100 463.307808
1050 463.296662
1000 463.141803
950 463.131072
900 462.979728
850 462.831679
800 462.68697
750 462.416761
700 462.281902
650 462.030866
600 461.906241
550 461.675115
500 461.457116
450 461.157929
400 460.973018
350 460.723573
300 460.50436
250 460.261293
200 460.114824
150 459.969731
100 459.880366
50 459.846144
0 459.897369
