24000 316.743696
23950 316.77019
23900 316.561961
23850 316.354478
23800 316.147789
23750 315.94195
23700 315.968533
23650 315.763605
23600 315.559648
23550 315.356748
23500 315.383354
23450 315.181529
23400 314.980923
23350 314.781579
23300 314.808142
23250 314.61009
23200 314.413441
23150 314.218268
23100 314.024671
23050 314.051065
23000 313.859027
22950 313.668689
22900 313.480129
22850 313.293419
22800 313.108649
22750 313.134809
22700 312.951993
22650 312.771256
22600 312.592683
22550 312.416366
22500 312.24237
22450 312.070749
22400 311.901597
22350 311.734989
22300 311.571016
22250 311.40974
22200 311.435732
22150 311.277276
22100 311.121692
22050 310.969049
22000 310.81941
21950 310.672849
21900 310.699264
21850 310.555933
21800 310.415838
21750 310.279026
21700 310.145558
21650 310.172505
21600 310.042555
21550 309.916092
21500 309.793161
21450 309.820633
21400 309.701421
21350 309.585871
21300 309.474048
21250 309.50211
21200 309.394203
21150 309.290149
21100 309.189991
21050 309.218734
21000 309.122694
20950 309.030642
20900 308.942605
20850 308.8586
20800 308.77867
20750 308.808279
20700 308.73249
20650 308.660753
20600 308.593095
20550 308.529533
20500 308.470058
20450 308.414665
20400 308.363387
20350 308.316194
20300 308.273129
20250 308.302467
20200 308.263345
20150 308.228275
20100 308.197281
20050 308.170343
20000 308.147483
19950 308.128664
19900 308.15646
19850 308.141484
19800 308.130702
19750 308.124126
19700 308.121824
19650 308.148901
19600 308.15085
19550 308.15725
19500 308.168058
19450 308.195177
19400 308.210537
19350 308.230458
19300 308.254978
19250 308.282672
19200 308.312035
19150 308.346093
19100 308.384847
19050 308.413664
19000 308.457536
18950 308.506264
18900 308.559768
18850 308.617995
18800 308.680907
18750 308.711796
18700 308.779587
18650 308.851975
18600 308.928864
18550 309.010222
18500 309.096034
18450 309.186229
18400 309.218203
18350 309.31276
18300 309.411541
18250 309.514493
18200 309.621558
18150 309.73276
18100 309.84798
18050 309.967156
18000 309.99858
17950 310.121478
17900 310.248266
17850 310.378934
17800 310.513492
17750 310.651913
17700 310.682498
17650 310.824728
17600 310.970819
17550 311.120716
17500 311.274429
17450 311.431994
17400 311.462497
17350 311.623939
17300 311.789142
17250 311.958064
17200 312.130708
17150 312.161619
17100 312.338189
17050 312.518431
17000 312.702282
16950 312.889718
16900 312.921371
16850 313.112506
16800 313.307161
16750 313.50516
16700 313.537205
16650 313.73856
16600 313.943103
16550 314.150846
16500 314.361666
16450 314.393828
16400 314.607611
16350 314.824288
16300 315.043839
16250 315.266219
16200 315.491284
16150 315.523066
16100 315.750633
16050 315.980737
16000 316.213393
15950 316.448455
15900 316.685873
15850 316.716864
15800 316.956431
15750 317.19833
15700 317.442473
15650 317.688719
15600 317.937023
15550 318.187389
15500 318.439779
15450 318.694066
15400 318.724044
15350 318.980059
15300 319.237863
15250 319.497461
15200 319.758737
15150 320.021585
15100 320.28594
15050 320.315204
15000 320.58101
14950 320.848225
14900 321.116762
14850 321.38654
14800 321.41524
14750 321.686174
14700 321.958247
14650 322.231358
14600 322.259538
14550 322.533473
14500 322.808359
14450 323.084097
14400 323.111717
14350 323.388048
14300 323.665043
14250 323.94267
14200 323.969646
14150 324.247682
14100 324.526144
14050 324.804965
14000 325.08407
13950 325.363447
13900 325.389315
13850 325.6686
13800 325.947923
13750 326.227184
13700 326.506389
13650 326.785408
13600 327.064183
13550 327.3426
13500 327.62057
13450 327.898112
13400 328.175074
13350 328.451409
13300 328.727019
13250 329.001797
13200 329.275792
13150 329.548866
13100 329.570711
13050 329.842479
13000 330.113189
12950 330.382721
12900 330.651079
12850 330.671439
12800 330.938263
12750 331.203745
12700 331.467825
12650 331.487025
12600 331.749347
12550 332.010126
12500 332.028485
12450 332.287478
12400 332.544855
12350 332.562424
12300 332.817879
12250 333.071594
12200 333.323519
12150 333.340114
12100 333.589965
12050 333.837976
12000 334.084069
11950 334.32818
11900 334.343723
11850 334.585569
11800 334.825285
11750 335.062759
11700 335.29791
11650 335.530673
11600 335.761027
11550 335.988837
11500 336.213987
11450 336.436384
11400 336.655969
11350 336.872612
11300 337.086231
11250 337.296733
11200 337.504011
11150 337.707996
11100 337.908573
11050 338.105633
11000 338.29907
10950 338.48878
10900 338.49484
10850 338.680064
10800 338.861502
10750 339.03914
10700 339.042496
10650 339.215688
10600 339.38504
10550 339.386704
10500 339.551691
10450 339.712858
10400 339.713152
10350 339.870079
10300 340.023199
10250 340.022469
10200 340.171492
10150 340.316766
10100 340.458299
10050 340.456777
10000 340.594457
9950 340.728462
9900 340.858716
9850 340.985173
9800 341.107802
9750 341.226559
9700 341.341353
9650 341.452128
9600 341.558856
9550 341.661485
9500 341.759935
9450 341.756885
9400 341.850849
9350 341.940534
9300 342.025881
9250 342.106805
9200 342.183261
9150 342.25524
9100 342.322648
9050 342.385408
9000 342.443512
8950 342.496921
8900 342.545528
8850 342.537996
8800 342.581318
8750 342.619851
8700 342.653502
8650 342.682235
8600 342.672171
8550 342.695514
8500 342.713918
8450 342.702232
8400 342.715062
8350 342.722908
8300 342.709522
8250 342.711757
8200 342.708956
8150 342.701157
8100 342.685387
8050 342.671879
8000 342.653168
7950 342.629536
7900 342.600854
7850 342.582069
7800 342.547719
7750 342.50842
7700 342.464388
7650 342.4154
7600 342.361583
7550 342.303075
7500 342.239923
7450 342.172116
7400 342.150132
7350 342.077492
7300 342.000392
7250 341.918898
7200 341.832868
7150 341.742586
7100 341.648077
7050 341.549225
7000 341.446318
6950 341.339211
6900 341.227918
6850 341.206039
6800 341.090762
6750 340.971114
6700 340.847286
6650 340.719416
6600 340.587064
6550 340.450559
6500 340.428011
6450 340.28719
6400 340.141865
6350 339.992447
6300 339.968695
6250 339.81472
6200 339.656258
6150 339.493707
6100 339.468239
6050 339.300943
6000 339.12932
5950 338.953686
5900 338.926142
5850 338.745898
5800 338.561689
5750 338.373709
5700 338.344609
5650 338.152535
5600 337.956959
5550 337.757931
5500 337.72799
5450 337.525423
5400 337.319649
5350 337.110712
5300 337.080548
5250 336.868646
5200 336.653879
5150 336.436197
5100 336.21581
5050 335.99273
5000 335.766997
4950 335.538923
4900 335.308324
4850 335.075161
4800 334.83977
4750 334.601935
4700 334.361683
4650 334.119289
4600 333.874571
4550 333.627556
4500 333.378541
4450 333.127416
4400 332.87417
4350 332.619073
4300 332.361999
4250 332.103047
4200 331.842471
4150 331.58015
4100 331.551492
4050 331.28742
4000 331.021913
3950 330.754961
3900 330.725764
3850 330.457444
3800 330.427952
3750 330.158534
3700 330.128814
3650 329.858423
3600 329.828555
3550 329.557381
3500 329.527427
3450 329.255604
3400 329.225624
3350 328.953374
3300 328.923413
3250 328.650824
3200 328.377708
3150 328.10432
3100 328.07485
3050 327.801507
3000 327.527953
2950 327.254262
2900 326.735461
2850 326.461773
2800 326.188343
2750 325.669877
2700 325.397284
2650 325.125283
2600 324.609624
2550 324.339384
2500 323.82733
2450 323.559611
2400 323.052511
2350 322.787949
2300 322.524636
2250 322.026448
2200 321.767136
2150 321.50939
2100 321.253283
2050 320.998804
2000 320.74604
1950 320.495086
1900 320.471671
1850 320.222834
1800 320.199506
1750 320.176102
1700 319.929591
1650 319.90631
1600 319.882983
1550 319.859613
1500 319.615727
1450 319.59255
1400 319.569362
1350 319.546166
1300 319.522969
1250 319.499775
1200 319.259268
1150 319.236376
1100 318.998456
1050 318.975917
1000 318.740737
950 318.718582
900 318.486168
850 318.256279
800 318.028973
750 317.602826
700 317.383451
650 316.972606
600 316.761703
550 316.367219
500 315.984023
450 315.439442
400 315.08592
350 314.586781
300 314.116382
250 313.539865
200 313.140337
150 312.660972
100 312.239565
50 311.798507
0 311.451922
