24000 248.574028
23950 248.533879
23900 248.384352
23850 248.237026
23800 248.091932
23750 247.949096
23700 247.906861
23650 247.765962
23600 247.627424
23550 247.49126
23500 247.447509
23450 247.31338
23400 247.181717
23350 247.05254
23300 247.007371
23250 246.880359
23200 246.755892
23150 246.634
23100 246.514727
23050 246.467949
23000 246.351008
22950 246.236721
22900 246.125158
22850 246.016346
22800 245.91029
22750 245.861886
22700 245.758406
22650 245.657787
22600 245.560041
22550 245.46522
22500 245.373342
22450 245.284428
22400 245.198473
22350 245.115581
22300 245.035721
22250 244.958926
22200 244.90871
22150 244.83495
22100 244.764336
22050 244.696902
22000 244.632765
21950 244.571967
21900 244.521469
21850 244.463989
21800 244.409785
21750 244.358905
21700 244.311373
21650 244.260864
21600 244.216713
21550 244.17597
21500 244.138637
21450 244.088191
21400 244.054171
21350 244.023471
21300 243.996112
21250 243.945849
21200 243.921878
21150 243.901302
21100 243.883985
21050 243.833972
21000 243.820061
20950 243.80944
20900 243.802167
20850 243.798387
20800 243.798003
20750 243.74836
20700 243.751371
20650 243.757652
20600 243.76715
20550 243.779915
20500 243.79589
20450 243.815033
20400 243.837297
20350 243.862664
20300 243.891128
20250 243.840992
20200 243.872447
20150 243.906943
20100 243.944454
20050 243.985004
20000 244.028435
19950 244.07491
19900 244.023742
19850 244.073203
19800 244.125634
19750 244.18111
19700 244.239569
19650 244.188167
19600 244.249752
19550 244.314308
19500 244.381861
19450 244.330754
19400 244.401572
19350 244.475407
19300 244.552269
19250 244.501873
19200 244.582046
19150 244.665175
19100 244.751377
19050 244.702048
19000 244.791581
18950 244.884371
18900 244.980273
18850 245.079153
18800 245.181059
18750 245.133622
18700 245.238525
18650 245.346265
18600 245.456793
18550 245.570035
18500 245.685758
18450 245.803936
18400 245.757861
18350 245.878609
18300 246.001671
18250 246.127026
18200 246.254551
18150 246.384345
18100 246.516478
18050 246.650783
18000 246.605569
17950 246.742061
17900 246.880667
17850 247.021284
17800 247.163871
17750 247.308343
17700 247.263771
17650 247.410314
17600 247.55867
17550 247.708862
17500 247.860814
17450 248.014532
17400 247.971059
17350 248.126722
17300 248.283964
17250 248.442795
17200 248.603199
17150 248.560853
17100 248.723079
17050 248.886928
17000 249.052103
16950 249.218694
16900 249.177638
16850 249.345707
16800 249.514983
16750 249.685413
16700 249.645282
16650 249.816955
16600 249.989644
16550 250.163191
16500 250.337586
16450 250.298535
16400 250.473899
16350 250.649962
16300 250.826654
16250 251.003874
16200 251.181496
16150 251.143729
16100 251.32195
16050 251.500632
16000 251.679604
15950 251.85885
15900 252.038217
15850 252.001848
15800 252.181705
15750 252.361673
15700 252.541672
15650 252.721629
15600 252.901447
15550 253.08106
15500 253.260395
15450 253.439468
15400 253.40541
15350 253.584213
15300 253.762561
15250 253.940407
15200 254.117678
15150 254.294282
15100 254.470111
15050 254.43783
15000 254.61312
14950 254.787491
14900 254.96085
14850 255.133181
14800 255.102101
14750 255.273566
14700 255.443882
14650 255.612933
14600 255.582775
14550 255.750723
14500 255.917264
14450 256.082305
14400 256.053011
14350 256.216674
14300 256.378722
14250 256.539118
14200 256.510634
14150 256.669451
14100 256.826455
14050 256.981568
14000 257.134683
13950 257.28576
13900 257.25837
13850 257.407526
13800 257.554526
13750 257.699294
13700 257.841769
13650 257.98191
13600 258.11967
13550 258.254983
13500 258.387812
13450 258.518081
13400 258.645757
13350 258.77079
13300 258.893106
13250 259.012666
13200 259.129435
13150 259.243392
13100 259.219177
13050 259.330506
13000 259.438931
12950 259.544405
12900 259.646872
12850 259.623923
12800 259.723671
12750 259.820368
12700 259.913982
12650 259.892228
12600 259.983066
12550 260.070816
12500 260.050083
12450 260.135059
12400 260.216876
12350 260.197268
12300 260.276318
12250 260.352205
12200 260.424885
12150 260.406946
12100 260.476904
12050 260.543656
12000 260.607213
11950 260.667498
11900 260.651885
11850 260.709278
11800 260.763338
11750 260.81402
11700 260.861243
11650 260.90492
11600 260.945044
11550 260.981567
11500 261.014394
11450 261.043468
11400 261.068807
11350 261.090445
11300 261.108198
11250 261.121961
11200 261.131731
11150 261.137468
11100 261.139121
11050 261.136644
11000 261.130004
10950 261.119167
10900 261.105495
10850 261.090485
10800 261.071322
10750 261.048165
10700 261.034283
10650 261.007265
10600 260.976442
10550 260.962882
10500 260.928442
10450 260.890372
10400 260.877543
10350 260.836299
10300 260.791649
10250 260.779959
10200 260.732358
10150 260.68148
10100 260.627409
10050 260.617852
10000 260.561375
9950 260.501873
9900 260.439313
9850 260.373659
9800 260.304833
9750 260.232881
9700 260.157814
9650 260.079639
9600 259.998323
9550 259.913943
9500 259.826467
9450 259.823751
9400 259.733622
9350 259.640377
9300 259.544068
9250 259.444752
9200 259.342444
9150 259.23715
9100 259.129153
9050 259.018276
9000 258.904496
8950 258.787888
8900 258.668253
8850 258.669272
8800 258.546965
8750 258.421946
8700 258.294009
8650 258.1634
8600 258.165483
8550 258.032455
8500 257.896733
8450 257.899389
8400 257.761311
8350 257.620696
8300 257.623898
8250 257.481117
8200 257.335891
8150 257.188384
8100 257.19231
8050 257.042738
8000 256.891099
7950 256.737422
7900 256.581507
7850 256.586433
7800 256.428826
7750 256.26924
7700 256.107849
7650 255.94491
7600 255.780286
7550 255.6142
7500 255.446615
7450 255.277695
7400 255.28581
7350 255.116112
7300 254.945062
7250 254.77294
7200 254.599736
7150 254.425608
7100 254.250502
7050 254.074725
7000 253.898135
6950 253.720729
6900 253.542648
6850 253.556186
6800 253.377795
6750 253.1987
6700 253.018936
6650 252.838521
6600 252.657584
6550 252.476056
6500 252.492337
6450 252.31067
6400 252.128561
6350 251.946181
6300 251.963691
6250 251.781212
6200 251.598461
6150 251.415661
6100 251.434292
6050 251.251616
6000 251.06893
5950 250.886355
5900 250.906101
5850 250.723956
5800 250.542122
5750 250.360664
5700 250.381678
5650 250.200849
5600 250.020514
5550 249.840676
5500 249.863081
5450 249.684149
5400 249.505866
5350 249.328328
5300 249.352172
5250 249.175715
5200 249.000034
5150 248.825195
5100 248.651225
5050 248.478168
5000 248.306046
4950 248.134875
4900 247.964743
4850 247.795681
4800 247.627736
4750 247.460961
4700 247.295372
4650 247.131014
4600 246.968007
4550 246.806344
4500 246.646137
4450 246.487411
4400 246.330222
4350 246.174643
4300 246.020706
4250 245.868489
4200 245.718064
4150 245.569524
4100 245.601481
4050 245.455279
4000 245.311102
3950 245.16897
3900 245.202609
3850 245.06303
3800 245.097439
3750 244.960474
3700 244.995613
3650 244.861248
3600 244.897079
3550 244.765314
3500 244.801793
3450 244.672694
3400 244.70976
3350 244.583296
3300 244.620894
3250 244.496994
3200 244.375342
3150 244.255972
3100 244.294599
3050 244.177817
3000 244.063325
2950 243.951134
2900 243.694043
2850 243.588751
2800 243.485895
2750 243.24715
2700 243.151538
2650 243.05845
2600 242.838931
2550 242.75345
2500 242.548953
2450 242.471315
2400 242.282257
2350 242.212635
2300 242.145769
2250 241.977952
2200 241.919316
2150 241.863508
2100 241.810535
2050 241.76042
2000 241.713197
1950 241.668919
1900 241.712088
1850 241.670875
1800 241.714254
1750 241.757719
1700 241.719773
1650 241.763492
1600 241.80732
1550 241.851265
1500 241.816821
1450 241.861093
1400 241.905505
1350 241.950065
1300 241.994784
1250 242.039667
1200 242.009335
1150 242.054631
1100 242.027626
1050 242.073368
1000 242.049739
950 242.095963
900 242.07575
850 242.058725
800 242.044906
750 241.97919
700 241.974721
650 241.927195
600 241.932269
550 241.903326
500 241.886501
450 241.858994
400 241.872247
350 241.889627
300 241.933839
250 242.0179
200 242.12553
150 242.294059
100 242.509509
50 242.829585
0 243.218878
