24000 367.031554
23950 367.026661
23900 367.021731
23850 367.016768
23800 367.01178
23750 367.006734
23700 367.001649
23650 366.99651
23600 366.991317
23550 366.986124
23500 366.980903
23450 366.975665
23400 366.970403
23350 366.965121
23300 366.959769
23250 366.954446
23200 366.949073
23150 366.94367
23100 366.938222
23050 366.932711
23000 366.927218
22950 366.921666
22900 366.916066
22850 366.910443
22800 366.904782
22750 366.899094
22700 366.893381
22650 366.887623
22600 366.881819
22550 366.875977
22500 366.87011
22450 366.864205
22400 366.858259
22350 366.852267
22300 366.846268
22250 366.840289
22200 366.834298
22150 366.828281
22100 366.822215
22050 366.816126
22000 366.810034
21950 366.803952
21900 366.797823
21850 366.791712
21800 366.78558
21750 366.779421
21700 366.773235
21650 366.767
21600 366.760795
21550 366.754599
21500 366.748382
21450 366.74206
21400 366.735767
21350 366.729446
21300 366.723103
21250 366.716706
21200 366.710306
21150 366.703877
21100 366.697415
21050 366.690953
21000 366.684452
20950 366.677894
20900 366.671327
20850 366.66478
20800 366.658223
20750 366.651677
20700 366.645119
20650 366.638546
20600 366.63196
20550 366.625366
20500 366.618763
20450 366.612141
20400 366.605504
20350 366.598841
20300 366.592166
20250 366.585524
20200 366.578838
20150 366.572155
20100 366.565482
20050 366.558817
20000 366.552146
19950 366.545484
19900 366.538808
19850 366.532181
19800 366.525545
19750 366.518896
19700 366.512234
19650 366.505556
19600 366.4989
19550 366.492264
19500 366.485619
19450 366.47894
19400 366.472288
19350 366.465609
19300 366.45891
19250 366.452232
19200 366.445517
19150 366.438772
19100 366.432048
19050 366.425376
19000 366.418655
18950 366.412013
18900 366.405388
18850 366.398754
18800 366.392155
18750 366.385516
18700 366.378882
18650 366.37229
18600 366.36573
18550 366.359207
18500 366.352668
18450 366.346113
18400 366.339518
18350 366.332953
18300 366.326376
18250 366.319815
18200 366.313224
18150 366.306646
18100 366.30011
18050 366.293605
18000 366.28711
17950 366.280629
17900 366.274177
17850 366.267739
17800 366.261301
17750 366.254864
17700 366.248462
17650 366.242041
17600 366.235658
17550 366.229273
17500 366.222882
17450 366.216497
17400 366.210192
17350 366.203831
17300 366.197478
17250 366.191139
17200 366.184852
17150 366.178637
17100 366.172412
17050 366.166256
17000 366.16009
16950 366.153979
16900 366.147868
16850 366.141818
16800 366.135827
16750 366.129865
16700 366.123835
16650 366.117901
16600 366.111964
16550 366.106037
16500 366.100135
16450 366.094222
16400 366.088373
16350 366.082551
16300 366.07675
16250 366.070935
16200 366.065118
16150 366.059362
16100 366.053574
16050 366.047827
16000 366.042105
15950 366.036418
15900 366.03073
15850 366.025152
15800 366.01957
15750 366.01404
15700 366.008558
15650 366.003153
15600 365.99785
15550 365.992575
15500 365.987301
15450 365.982053
15400 365.976773
15350 365.971563
15300 365.966369
15250 365.961201
15200 365.956087
15150 365.950991
15100 365.945896
15050 365.94085
15000 365.935821
14950 365.930796
14900 365.925783
14850 365.920795
14800 365.915921
14750 365.911018
14700 365.906196
14650 365.901431
14600 365.896703
14550 365.892026
14500 365.887435
14450 365.882873
14400 365.878288
14350 365.873781
14300 365.869304
14250 365.864875
14200 365.860442
14150 365.856071
14100 365.851717
14050 365.84742
14000 365.843131
13950 365.838869
13900 365.834674
13850 365.830476
13800 365.826298
13750 365.822165
13700 365.818065
13650 365.814002
13600 365.810016
13550 365.806095
13500 365.802262
13450 365.798503
13400 365.794819
13350 365.791155
13300 365.787512
13250 365.783924
13200 365.780362
13150 365.776839
13100 365.773318
13050 365.769861
13000 365.766449
12950 365.763048
12900 365.759679
12850 365.756383
12800 365.7531
12750 365.749852
12700 365.746624
12650 365.743511
12600 365.740369
12550 365.7373
12500 365.734328
12450 365.731376
12400 365.728473
12350 365.725643
12300 365.722844
12250 365.720087
12200 365.717411
12150 365.714771
12100 365.712215
12050 365.709708
12000 365.707235
11950 365.704783
11900 365.702385
11850 365.700025
11800 365.697728
11750 365.695473
11700 365.693266
11650 365.691098
11600 365.688976
11550 365.686905
11500 365.684858
11450 365.682869
11400 365.680938
11350 365.679079
11300 365.677245
11250 365.675454
11200 365.673726
11150 365.672051
11100 365.670422
11050 365.66882
11000 365.667255
10950 365.66573
10900 365.664255
10850 365.662834
10800 365.661433
10750 365.660072
10700 365.658778
10650 365.657506
10600 365.65628
10550 365.655126
10500 365.653974
10450 365.652867
10400 365.651858
10350 365.650886
10300 365.650004
10250 365.649146
10200 365.648364
10150 365.647632
10100 365.646952
10050 365.646298
10000 365.645771
9950 365.645303
9900 365.644887
9850 365.644505
9800 365.644161
9750 365.64386
9700 365.643594
9650 365.643365
9600 365.643179
9550 365.643043
9500 365.642929
9450 365.642894
9400 365.642868
9350 365.642872
9300 365.642923
9250 365.643041
9200 365.643198
9150 365.643405
9100 365.643735
9050 365.644125
9000 365.64458
8950 365.645086
8900 365.645604
8850 365.646138
8800 365.64674
8750 365.647387
8700 365.648044
8650 365.648765
8600 365.649524
8550 365.650322
8500 365.651155
8450 365.652049
8400 365.652956
8350 365.653885
8300 365.654911
8250 365.655949
8200 365.657009
8150 365.658149
8100 365.659349
8050 365.660571
8000 365.661883
7950 365.663249
7900 365.664629
7850 365.666044
7800 365.667516
7750 365.669002
7700 365.670508
7650 365.672106
7600 365.673727
7550 365.6754
7500 365.677111
7450 365.678856
7400 365.680658
7350 365.682518
7300 365.68439
7250 365.686328
7200 365.688317
7150 365.690374
7100 365.692448
7050 365.694611
7000 365.696833
6950 365.69909
6900 365.701372
6850 365.703671
6800 365.706024
6750 365.708394
6700 365.710795
6650 365.713259
6600 365.715738
6550 365.718216
6500 365.720808
6450 365.723392
6400 365.725987
6350 365.72863
6300 365.731376
6250 365.734142
6200 365.736933
6150 365.739794
6100 365.742684
6050 365.745607
6000 365.748548
5950 365.751574
5900 365.754595
5850 365.757664
5800 365.76079
5750 365.76397
5700 365.767119
5650 365.770336
5600 365.773604
5550 365.776882
5500 365.78016
5450 365.783478
5400 365.786821
5350 365.79022
5300 365.793634
5250 365.797077
5200 365.800512
5150 365.804008
5100 365.8075
5050 365.811054
5000 365.814604
4950 365.81822
4900 365.821902
4850 365.825602
4800 365.829397
4750 365.833239
4700 365.837126
4650 365.841037
4600 365.844952
4550 365.848933
4500 365.852924
4450 365.856938
4400 365.860952
4350 365.86498
4300 365.869062
4250 365.873126
4200 365.877227
4150 365.881353
4100 365.885521
4050 365.889657
4000 365.893834
3950 365.898036
3900 365.90229
3850 365.906557
3800 365.910854
3750 365.915196
3700 365.919535
3650 365.923901
3600 365.928283
3550 365.93269
3500 365.937115
3450 365.941585
3400 365.946052
3350 365.95059
3300 365.9551
3250 365.959699
3200 365.96431
3150 365.968926
3100 365.973518
3050 365.978165
3000 365.98282
2950 365.987479
2900 365.99216
2850 365.996826
2800 366.001525
2750 366.006148
2700 366.010846
2650 366.01557
2600 366.020305
2550 366.025107
2500 366.02993
2450 366.034796
2400 366.039752
2350 366.044684
2300 366.049646
2250 366.054615
2200 366.059551
2150 366.06451
2100 366.069463
2050 366.074403
2000 366.079356
1950 366.084333
1900 366.089344
1850 366.094332
1800 366.099366
1750 366.104411
1700 366.10943
1650 366.114496
1600 366.119573
1550 366.124658
1500 366.129708
1450 366.134816
1400 366.139931
1350 366.145053
1300 366.150182
1250 366.155318
1200 366.160413
1150 366.165559
1100 366.17068
1050 366.175835
1000 366.180952
950 366.186115
900 366.191237
850 366.196348
800 366.201459
750 366.206626
700 366.21183
650 366.217081
600 366.222303
550 366.227654
500 366.232986
450 366.238255
400 366.243484
350 366.248633
300 366.253648
250 366.258661
200 366.263782
150 366.269037
100 366.274293
50 366.279439
0 366.284364
