24000 54.3208244
23950 54.285368
23900 54.2183129
23850 54.1524352
23800 54.0877598
23750 54.0243177
23700 53.9873619
23650 53.9248679
23600 53.8636306
23550 53.8036663
23500 53.7656208
23450 53.7066834
23400 53.6490534
23350 53.592727
23300 53.5536665
23250 53.4983911
23200 53.4444549
23150 53.391873
23100 53.3406464
23050 53.3004283
23000 53.2503504
22950 53.2016483
22900 53.1543621
22850 53.1084824
22800 53.0640177
22750 53.0226227
22700 52.9794275
22650 52.9376697
22600 52.8973663
22550 52.8585868
22500 52.8213391
22450 52.785604
22400 52.751398
22350 52.7187046
22300 52.6875447
22250 52.6579489
22200 52.6152385
22150 52.5870956
22100 52.5604935
22050 52.5354802
22000 52.5120565
21950 52.4902355
21900 52.4471643
21850 52.4269047
21800 52.4082015
21750 52.3910874
21700 52.3755927
21650 52.3324032
21600 52.3185796
21550 52.3063463
21500 52.2957244
21450 52.2524993
21400 52.243509
21350 52.236114
21300 52.2303286
21250 52.1870945
21200 52.1829425
21150 52.1803948
21100 52.1794116
21050 52.1362072
21000 52.1368145
20950 52.1390334
20900 52.1428233
20850 52.1482519
20800 52.1552461
20750 52.1121627
20700 52.1207372
20650 52.1309053
20600 52.1425214
20550 52.1555944
20500 52.1701528
20450 52.1861802
20400 52.2036715
20350 52.2226368
20300 52.2430288
20250 52.19974
20200 52.2214477
20150 52.2445631
20100 52.2690945
20050 52.2950357
20000 52.3223136
19950 52.3509598
19900 52.3073592
19850 52.3373537
19800 52.3687014
19750 52.4014404
19700 52.4354935
19650 52.391933
19600 52.427374
19550 52.4641965
19500 52.5023974
19450 52.4590736
19400 52.4987921
19350 52.5399286
19300 52.5823902
19250 52.5395344
19200 52.5834981
19150 52.6288781
19100 52.6755909
19050 52.6333411
19000 52.6815275
18950 52.7309572
18900 52.7816158
18850 52.8335376
18800 52.8866943
18750 52.8454324
18700 52.9000108
18650 52.9557185
18600 53.0125435
18550 53.0704383
18500 53.1293643
18450 53.1893053
18400 53.1489745
18350 53.2099922
18300 53.2719768
18250 53.3348914
18200 53.3986926
18150 53.4633134
18100 53.528762
18050 53.5951374
18000 53.5557088
17950 53.6229728
17900 53.6909378
17850 53.7596361
17800 53.8290758
17750 53.899262
17700 53.8605883
17650 53.9316422
17600 54.0032942
17550 54.0755641
17500 54.1484051
17450 54.2217971
17400 54.1840304
17350 54.2580685
17300 54.3326175
17250 54.4077467
17200 54.4833162
17150 54.4464216
17100 54.5225925
17050 54.5991122
17000 54.6759409
16950 54.7530615
16900 54.7170078
16850 54.7945061
16800 54.8721927
16750 54.9500757
16700 54.9146633
16650 54.9928309
16600 55.0711148
16550 55.1494236
16500 55.227736
16450 55.1931845
16400 55.271658
16350 55.3501139
16300 55.4284694
16250 55.5067023
16200 55.5847983
16150 55.5513753
16100 55.6294972
16050 55.7073683
16000 55.7850133
15950 55.8623734
15900 55.9394193
15850 55.9072696
15800 55.9841772
15750 56.0606459
15700 56.1367127
15650 56.2122738
15600 56.2873019
15550 56.3618368
15500 56.4357646
15450 56.5091188
15400 56.4789376
15350 56.5518344
15300 56.6240125
15250 56.6954739
15200 56.7661466
15150 56.836042
15100 56.9051017
15050 56.876453
15000 56.9448095
14950 57.0122345
14900 57.078683
14850 57.1441315
14800 57.116521
14750 57.1811653
14700 57.2447092
14650 57.3071579
14600 57.2803573
14550 57.3418382
14500 57.4020851
14450 57.4611091
14400 57.4350708
14350 57.4930122
14300 57.5496387
14250 57.6049354
14200 57.5796315
14150 57.6337425
14100 57.6864327
14050 57.737662
14000 57.7874217
13950 57.8356972
13900 57.8114416
13850 57.8583319
13800 57.9036556
13750 57.9474189
13700 57.9895572
13650 58.0300492
13600 58.0688887
13550 58.1060629
13500 58.1415456
13450 58.1753118
13400 58.2073412
13350 58.237627
13300 58.2661563
13250 58.2929032
13200 58.3178528
13150 58.341
13100 58.3199188
13050 58.341472
13000 58.3612036
12950 58.3791034
12900 58.3951569
12850 58.3752882
12800 58.3897419
12750 58.4023371
12700 58.4130848
12650 58.3942885
12600 58.4034451
12550 58.410745
12500 58.3928311
12450 58.3986119
12400 58.4025313
12350 58.385565
12300 58.3879464
12250 58.3884745
12200 58.3871716
12150 58.3715735
12100 58.3688005
12050 58.3641895
12000 58.3577448
11950 58.3494895
11900 58.3357268
11850 58.3259941
11800 58.3144235
11750 58.3010011
11700 58.2856748
11650 58.2684133
11600 58.2491657
11550 58.2279201
11500 58.2046943
11450 58.1795272
11400 58.1523688
11350 58.1232007
11300 58.0920155
11250 58.0587982
11200 58.0235515
11150 57.9862499
11100 57.9468994
11050 57.9055017
11000 57.8621276
10950 57.81671
10900 57.8061971
10850 57.7588142
10800 57.7094839
10750 57.658294
10700 57.6481842
10650 57.5953878
10600 57.5408854
10550 57.5313345
10500 57.4753085
10450 57.4176249
10400 57.4088482
10350 57.3498366
10300 57.2893187
10250 57.2815207
10200 57.2199538
10150 57.1570099
10100 57.0926543
10050 57.0864651
10000 57.0211842
9950 56.9547267
9900 56.8869715
9850 56.8179403
9800 56.7476714
9750 56.6762744
9700 56.6036715
9650 56.5298302
9600 56.4548292
9550 56.3787648
9500 56.3015336
9450 56.3002944
9400 56.2222529
9350 56.1430894
9300 56.0628589
9250 55.9815093
9200 55.8991359
9150 55.8157399
9100 55.7313094
9050 55.6458748
9000 55.559471
8950 55.4721636
8900 55.3839696
8850 55.3861437
8800 55.2973525
8750 55.2077417
8700 55.1173339
8650 55.0261355
8600 55.0295348
8550 54.9379086
8500 54.8455637
8450 54.849666
8400 54.7569863
8350 54.6637028
8300 54.6685065
8250 54.5748557
8200 54.4806705
8150 54.3860496
8100 54.391802
8050 54.2969327
8000 54.2016639
7950 54.1060193
7900 54.0100123
7850 54.0170253
7800 53.9210309
7750 53.8249019
7700 53.728563
7650 53.6321129
7600 53.5356574
7550 53.4390591
7500 53.342455
7450 53.2459466
7400 53.2557499
7350 53.159597
7300 53.0635276
7250 52.967619
7200 52.8718584
7150 52.7763185
7100 52.6810122
7050 52.5859512
7000 52.4912166
6950 52.3967591
6900 52.302712
6850 52.3161973
6800 52.222838
6750 52.1298034
6700 52.0372401
6650 51.9451239
6600 51.8534071
6550 51.762197
6500 51.7776974
6450 51.6872794
6400 51.5973536
6350 51.5079842
6300 51.5245661
6250 51.4360731
6200 51.3482225
6150 51.2610484
6100 51.278709
6050 51.1924972
6000 51.1070217
5950 51.0223582
5900 51.0411522
5850 50.9575403
5800 50.8747144
5750 50.7928395
5700 50.8127926
5650 50.7320925
5600 50.6522954
5550 50.5734698
5500 50.5945469
5450 50.5169758
5400 50.4403678
5350 50.3648148
5300 50.3869496
5250 50.3125983
5200 50.2392652
5150 50.166988
5100 50.0957534
5050 50.0254532
5000 49.9562061
4950 49.8881455
4900 49.8210833
4850 49.7550473
4800 49.6901332
4750 49.6264456
4700 49.5638466
4650 49.5023571
4600 49.4420932
4550 49.3831309
4500 49.3253677
4450 49.2688255
4400 49.2135865
4350 49.1597244
4300 49.1072004
4250 49.0560256
4200 49.0062451
4150 48.9578992
4100 48.9855527
4050 48.9389664
4000 48.8938791
3950 48.8503285
3900 48.8792274
3850 48.8375399
3800 48.8670262
3750 48.8271871
3700 48.8572274
3650 48.8191996
3600 48.8497529
3550 48.8135062
3500 48.8445202
3450 48.8100285
3400 48.841463
3350 48.8087096
3300 48.8405295
3250 48.809475
3200 48.7799137
3150 48.7518355
3100 48.7843481
3050 48.7579023
3000 48.732918
2950 48.7093905
2900 48.6335742
2850 48.6143328
2800 48.5965775
2750 48.53202
2700 48.5186601
2650 48.5068021
2600 48.4537441
2550 48.4463475
2500 48.4020007
2450 48.3990703
2400 48.3635018
2350 48.3650897
2300 48.368216
2250 48.3445296
2200 48.3522224
2150 48.3614654
2100 48.3722737
2050 48.3846649
2000 48.3986228
1950 48.414151
1900 48.4492349
1850 48.4664335
1800 48.5016871
1750 48.5370247
1700 48.5559729
1650 48.591498
1600 48.6271168
1550 48.6628376
1500 48.6836935
1450 48.7196491
1400 48.755729
1350 48.7919233
1300 48.828232
1250 48.8646539
1200 48.8877137
1150 48.9243929
1100 48.9491996
1050 48.9861412
1000 49.0127072
950 49.0499307
900 49.0782776
850 49.108247
800 49.1398526
750 49.1699158
700 49.2062407
650 49.2454749
600 49.2865136
550 49.334919
500 49.3894264
450 49.4630416
400 49.5324978
350 49.628299
300 49.7371699
250 49.8894734
200 50.0282932
150 50.2198595
100 50.4331115
50 50.719349
0 51.0370784
