24000 235.371758
23950 235.382722
23900 235.393765
23850 235.404913
23800 235.416143
23750 235.427467
23700 235.438884
23650 235.450397
23600 235.461995
23550 235.473674
23500 235.485437
23450 235.49728
23400 235.509208
23350 235.521212
23300 235.533294
23250 235.545458
23200 235.557693
23150 235.569991
23100 235.582357
23050 235.594805
23000 235.607339
22950 235.619943
22900 235.632626
22850 235.645382
22800 235.658217
22750 235.671088
22700 235.684052
22650 235.697068
22600 235.710134
22550 235.723274
22500 235.736496
22450 235.749783
22400 235.763126
22350 235.776522
22300 235.789971
22250 235.803475
22200 235.817024
22150 235.830632
22100 235.844293
22050 235.858032
22000 235.871831
21950 235.885675
21900 235.899546
21850 235.913486
21800 235.927462
21750 235.941474
21700 235.955522
21650 235.969634
21600 235.983812
21550 235.998034
21500 236.01229
21450 236.026581
21400 236.040922
21350 236.055293
21300 236.069696
21250 236.084138
21200 236.098609
21150 236.113131
21100 236.127681
21050 236.142278
21000 236.156903
20950 236.171559
20900 236.186244
20850 236.200968
20800 236.215725
20750 236.230519
20700 236.245352
20650 236.260228
20600 236.275117
20550 236.290028
20500 236.304958
20450 236.319898
20400 236.334868
20350 236.349865
20300 236.36489
20250 236.379936
20200 236.394989
20150 236.410056
20100 236.425152
20050 236.440276
20000 236.455427
19950 236.470589
19900 236.485757
19850 236.500951
19800 236.516149
19750 236.53135
19700 236.546545
19650 236.561765
19600 236.576973
19550 236.592202
19500 236.607439
19450 236.622676
19400 236.637918
19350 236.653174
19300 236.668417
19250 236.683653
19200 236.698895
19150 236.714144
19100 236.729371
19050 236.744574
19000 236.759764
18950 236.774934
18900 236.790074
18850 236.805207
18800 236.820327
18750 236.835438
18700 236.850545
18650 236.865634
18600 236.880699
18550 236.895737
18500 236.910762
18450 236.925779
18400 236.940766
18350 236.955741
18300 236.970695
18250 236.985626
18200 237.000522
18150 237.015396
18100 237.030256
18050 237.045126
18000 237.059959
17950 237.074775
17900 237.089549
17850 237.104292
17800 237.11901
17750 237.133712
17700 237.148386
17650 237.163044
17600 237.177652
17550 237.19221
17500 237.206715
17450 237.221193
17400 237.235649
17350 237.250039
17300 237.26439
17250 237.278733
17200 237.293035
17150 237.307293
17100 237.32152
17050 237.335694
17000 237.349805
16950 237.363861
16900 237.377879
16850 237.391823
16800 237.405722
16750 237.41958
16700 237.43339
16650 237.447128
16600 237.460811
16550 237.474443
16500 237.488009
16450 237.50154
16400 237.51498
16350 237.528374
16300 237.541722
16250 237.555019
16200 237.568256
16150 237.581428
16100 237.594542
16050 237.607584
16000 237.620588
15950 237.633526
15900 237.6464
15850 237.659183
15800 237.671903
15750 237.68456
15700 237.697159
15650 237.709663
15600 237.722076
15550 237.734458
15500 237.746772
15450 237.759015
15400 237.771172
15350 237.783261
15300 237.795262
15250 237.807203
15200 237.819072
15150 237.830865
15100 237.842573
15050 237.85421
15000 237.865764
14950 237.877235
14900 237.888607
14850 237.899893
14800 237.911133
14750 237.9223
14700 237.933381
14650 237.944387
14600 237.955291
14550 237.966115
14500 237.976845
14450 237.987489
14400 237.998048
14350 238.008511
14300 238.018872
14250 238.029148
14200 238.039349
14150 238.049456
14100 238.059464
14050 238.069369
14000 238.079198
13950 238.088958
13900 238.098596
13850 238.108148
13800 238.117609
13750 238.126968
13700 238.136234
13650 238.145397
13600 238.154462
13550 238.163428
13500 238.172289
13450 238.18107
13400 238.189748
13350 238.198323
13300 238.206778
13250 238.215135
13200 238.223408
13150 238.231579
13100 238.239652
13050 238.247614
13000 238.25548
12950 238.263228
12900 238.270881
12850 238.278432
12800 238.285874
12750 238.293214
12700 238.300451
12650 238.307579
12600 238.314597
12550 238.321508
12500 238.328315
12450 238.335029
12400 238.341633
12350 238.348124
12300 238.354508
12250 238.36079
12200 238.366974
12150 238.373045
12100 238.379007
12050 238.384865
12000 238.390606
11950 238.39624
11900 238.401782
11850 238.407205
11800 238.412533
11750 238.417762
11700 238.422883
11650 238.427894
11600 238.432795
11550 238.437566
11500 238.442211
11450 238.446757
11400 238.45119
11350 238.455497
11300 238.4597
11250 238.463786
11200 238.467758
11150 238.471621
11100 238.475366
11050 238.478996
11000 238.482531
10950 238.485941
10900 238.489223
10850 238.492383
10800 238.495418
10750 238.498348
10700 238.501162
10650 238.50388
10600 238.506495
10550 238.508962
10500 238.511328
10450 238.513566
10400 238.515689
10350 238.517682
10300 238.519562
10250 238.521342
10200 238.523004
10150 238.52458
10100 238.526034
10050 238.527361
10000 238.528567
9950 238.52968
9900 238.530667
9850 238.531522
9800 238.532269
9750 238.532939
9700 238.533495
9650 238.533914
9600 238.534226
9550 238.534451
9500 238.534554
9450 238.534541
9400 238.534419
9350 238.534189
9300 238.533857
9250 238.533398
9200 238.532832
9150 238.532165
9100 238.53138
9050 238.530472
9000 238.529452
8950 238.528333
8900 238.527101
8850 238.525758
8800 238.524303
8750 238.522749
8700 238.521079
8650 238.519276
8600 238.517386
8550 238.515392
8500 238.51328
8450 238.511062
8400 238.508741
8350 238.50631
8300 238.503766
8250 238.501104
8200 238.498335
8150 238.495484
8100 238.492509
8050 238.489425
8000 238.486206
7950 238.482921
7900 238.479524
7850 238.476016
7800 238.472367
7750 238.468637
7700 238.46483
7650 238.460894
7600 238.456867
7550 238.452731
7500 238.448506
7450 238.444195
7400 238.439759
7350 238.435212
7300 238.430573
7250 238.425847
7200 238.420978
7150 238.41604
7100 238.41102
7050 238.40587
7000 238.400664
6950 238.395339
6900 238.389929
6850 238.384426
6800 238.378865
6750 238.373149
6700 238.367365
6650 238.361542
6600 238.355545
6550 238.349487
6500 238.343331
6450 238.33713
6400 238.330769
6350 238.324356
6300 238.317839
6250 238.311258
6200 238.304531
6150 238.297761
6100 238.290888
6050 238.283928
6000 238.276862
5950 238.269764
5900 238.262544
5850 238.255233
5800 238.247819
5750 238.240364
5700 238.232809
5650 238.225162
5600 238.217456
5550 238.209689
5500 238.201822
5450 238.193875
5400 238.185848
5350 238.177756
5300 238.169577
5250 238.161322
5200 238.153015
5150 238.144619
5100 238.136155
5050 238.127583
5000 238.118923
4950 238.110263
4900 238.1015
4850 238.092619
4800 238.083719
4750 238.074763
4700 238.065708
4650 238.056622
4600 238.047458
4550 238.03822
4500 238.028934
4450 238.019562
4400 238.010101
4350 238.000611
4300 237.991042
4250 237.981387
4200 237.971706
4150 237.961948
4100 237.952122
4050 237.942224
4000 237.932284
3950 237.922278
3900 237.912207
3850 237.902081
3800 237.891895
3750 237.881672
3700 237.871377
3650 237.861035
3600 237.850632
3550 237.84018
3500 237.829669
3450 237.819106
3400 237.808495
3350 237.797842
3300 237.787133
3250 237.776373
3200 237.765542
3150 237.754689
3100 237.743806
3050 237.732885
3000 237.721915
2950 237.710892
2900 237.699851
2850 237.688761
2800 237.677653
2750 237.666529
2700 237.655327
2650 237.644101
2600 237.632851
2550 237.62154
2500 237.610197
2450 237.598817
2400 237.5874
2350 237.575956
2300 237.564472
2250 237.55297
2200 237.541444
2150 237.529892
2100 237.518314
2050 237.506698
2000 237.495038
1950 237.483352
1900 237.471648
1850 237.459927
1800 237.448171
1750 237.436387
1700 237.424579
1650 237.412743
1600 237.400884
1550 237.389003
1500 237.377096
1450 237.36518
1400 237.353252
1350 237.341303
1300 237.329336
1250 237.317348
1200 237.305328
1150 237.293311
1100 237.281274
1050 237.269237
1000 237.257204
950 237.245145
900 237.233102
850 237.221035
800 237.208944
750 237.196816
700 237.18471
650 237.172582
600 237.160446
550 237.14829
500 237.136144
450 237.12396
400 237.111786
350 237.099634
300 237.087509
250 237.075392
200 237.063236
150 237.05113
100 237.038979
50 237.02681
0 237.01466
