24000 409.464856
23950 409.468133
23900 409.626511
23850 409.78827
23800 409.953388
23750 410.121832
23700 410.125208
23650 410.297027
23600 410.472138
23550 410.650498
23500 410.654059
23450 410.835727
23400 411.020608
23350 411.208682
23300 411.212531
23250 411.403846
23200 411.598266
23150 411.795767
23100 411.996324
23050 412.000711
23000 412.20441
22950 412.41106
22900 412.620627
22850 412.833109
22800 413.048449
22750 413.053731
22700 413.272057
22650 413.493131
22600 413.716956
22550 413.94345
22500 414.172572
22450 414.404276
22400 414.638493
22350 414.875173
22300 415.114291
22250 415.355773
22200 415.363441
22150 415.607482
22100 415.853749
22050 416.102215
22000 416.352797
21950 416.60543
21900 416.614474
21850 416.869363
21800 417.126155
21750 417.38477
21700 417.645152
21650 417.655257
21600 417.917551
21550 418.181451
21500 418.446849
21450 418.45771
21400 418.724778
21350 418.993235
21300 419.262962
21250 419.274506
21200 419.545623
21150 419.817832
21100 420.091096
21050 420.103254
21000 420.377703
20950 420.652984
20900 420.929054
20850 421.205827
20800 421.483196
20750 421.496167
20700 421.774208
20650 422.052702
20600 422.331552
20550 422.610644
20500 422.88995
20450 423.169377
20400 423.448854
20350 423.728308
20300 424.007638
20250 424.021932
20200 424.301262
20150 424.580382
20100 424.859172
20050 425.137594
20000 425.415631
19950 425.693183
19900 425.708757
19850 425.985993
19800 426.262607
19750 426.538467
19700 426.813521
19650 426.830007
19600 427.10435
19550 427.377722
19500 427.649983
19450 427.66697
19400 427.938129
19350 428.207941
19300 428.476331
19250 428.493532
19200 428.760447
19150 429.025671
19100 429.289092
19050 429.306147
19000 429.567584
18950 429.826992
18900 430.084233
18850 430.33924
18800 430.591951
18750 430.608365
18700 430.85862
18650 431.1064
18600 431.351641
18550 431.594289
18500 431.834268
18450 432.071522
18400 432.087617
18350 432.322079
18300 432.553724
18250 432.782502
18200 433.008332
18150 433.231163
18100 433.451
18050 433.667747
18000 433.6846
17950 433.898442
17900 434.109102
17850 434.316514
17800 434.520596
17750 434.721248
17700 434.739058
17650 434.936311
17600 435.12999
17550 435.31996
17500 435.50614
17450 435.688435
17400 435.706459
17350 435.884781
17300 436.05903
17250 436.229118
17200 436.394971
17150 436.412472
17100 436.573837
17050 436.73074
17000 436.883119
16950 437.030879
16900 437.0472
16850 437.190045
16800 437.328215
16750 437.461653
16700 437.477048
16650 437.605538
16600 437.729269
16550 437.848215
16500 437.962338
16450 437.976913
16400 438.086085
16350 438.1904
16300 438.289839
16250 438.384387
16200 438.47403
16150 438.488181
16100 438.572902
16050 438.652716
16000 438.72762
15950 438.797607
15900 438.862651
15850 438.876948
15800 438.93704
15750 438.992113
15700 439.042145
15650 439.08711
15600 439.126977
15550 439.161727
15500 439.191337
15450 439.215788
15400 439.229907
15350 439.249111
15300 439.263112
15250 439.271897
15200 439.275454
15150 439.273775
15100 439.266859
15050 439.280264
15000 439.267957
14950 439.250388
14900 439.227558
14850 439.199475
14800 439.212089
14750 439.178573
14700 439.139802
14650 439.095786
14600 439.107637
14550 439.058175
14500 439.003482
14450 438.94357
14400 438.954553
14350 438.889217
14300 438.818701
14250 438.743044
14200 438.753059
14150 438.672018
14100 438.585859
14050 438.494627
14000 438.398367
13950 438.297103
13900 438.305539
13850 438.199068
13800 438.087703
13750 437.971498
13700 437.850493
13650 437.724737
13600 437.594313
13550 437.459277
13500 437.319706
13450 437.175645
13400 437.027151
13350 436.874289
13300 436.717115
13250 436.555728
13200 436.390179
13150 436.220505
13100 436.225904
13050 436.052085
13000 435.8743
12950 435.692633
12900 435.507172
12850 435.512047
12800 435.32281
12750 435.129944
12700 434.933524
12650 434.938161
12600 434.738231
12550 434.534907
12500 434.539462
12450 434.332834
12400 434.122973
12350 434.127525
12300 433.914516
12250 433.698476
12200 433.479479
12150 433.484126
12100 433.262245
12050 433.037513
12000 432.810026
11950 432.579857
11900 432.584686
11850 432.351861
11800 432.116496
11750 431.878584
11700 431.6382
11650 431.395364
11600 431.150174
11550 430.902661
11500 430.652883
11450 430.40095
11400 430.146917
11350 429.890855
11300 429.632815
11250 429.372933
11200 429.111248
11150 428.847886
11100 428.582943
11050 428.316484
11000 428.048634
10950 427.779508
10900 427.780935
10850 427.510499
10800 427.239093
10750 426.966805
10700 426.967716
10650 426.694636
10600 426.420947
10550 426.421662
10500 426.147453
10450 425.872852
10400 425.873499
10350 425.598705
10300 425.323788
10250 425.324444
10200 425.049477
10150 424.77445
10100 424.499463
10050 424.500202
10000 424.225471
9950 423.950885
9900 423.67654
9850 423.402453
9800 423.128777
9750 422.855533
9700 422.582789
9650 422.310595
9600 422.039053
9550 421.768228
9500 421.498152
9450 421.498631
9400 421.229348
9350 420.960997
9300 420.693671
9250 420.427439
9200 420.162358
9150 419.898543
9100 419.636056
9050 419.374996
9000 419.115466
8950 418.857538
8900 418.601292
8850 418.601521
8800 418.347062
8750 418.094437
8700 417.843751
8650 417.595094
8600 417.595532
8550 417.349049
8500 417.104708
8450 417.105346
8400 416.863393
8350 416.623761
8300 416.624683
8250 416.387631
8200 416.153131
8150 415.921232
8100 415.922712
8050 415.693681
8000 415.467413
7950 415.243969
7900 415.023441
7850 415.025833
7800 414.808418
7750 414.593988
7700 414.382551
7650 414.174127
7600 413.968751
7550 413.766484
7500 413.56736
7450 413.371369
7400 413.374599
7350 413.181775
7300 412.992102
7250 412.80562
7200 412.622346
7150 412.442257
7100 412.265358
7050 412.091646
7000 411.921147
6950 411.753877
6900 411.589873
6850 411.591355
6800 411.430474
6750 411.273012
6700 411.11903
6650 410.968608
6600 410.821784
6550 410.678637
6500 410.679411
6450 410.540059
6400 410.404559
6350 410.272978
6300 410.274112
6250 410.146736
6200 410.023452
6150 409.904335
6100 409.906471
6050 409.791973
6000 409.681823
5950 409.576081
5900 409.57981
5850 409.478871
5800 409.382288
5750 409.290042
5700 409.295004
5650 409.207301
5600 409.123848
5550 409.044616
5500 409.050146
5450 408.975156
5400 408.904275
5350 408.837474
5300 408.842866
5250 408.779965
5200 408.721011
5150 408.665964
5100 408.614782
5050 408.56742
5000 408.523835
4950 408.483996
4900 408.447934
4850 408.415691
4800 408.387314
4750 408.362845
4700 408.342325
4650 408.325797
4600 408.313306
4550 408.304891
4500 408.300595
4450 408.300457
4400 408.304514
4350 408.312803
4300 408.325362
4250 408.342232
4200 408.36344
4150 408.389024
4100 408.391661
4050 408.421983
4000 408.456771
3950 408.496046
3900 408.500228
3850 408.544304
3800 408.549189
3750 408.597895
3700 408.603347
3650 408.656514
3600 408.662396
3550 408.719857
3500 408.726034
3450 408.787627
3400 408.793968
3350 408.859527
3300 408.865896
3250 408.935251
3200 409.008384
3150 409.085239
3100 409.091208
3050 409.171524
3000 409.255403
2950 409.342791
2900 409.523231
2850 409.62125
2800 409.722668
2750 409.931704
2700 410.043396
2650 410.158373
2600 410.39506
2550 410.519939
2500 410.776711
2450 410.911191
2400 411.187485
2350 411.331233
2300 411.477913
2250 411.778955
2200 411.934414
2150 412.092657
2100 412.253644
2050 412.4173
2000 412.583582
1950 412.752467
1900 412.752047
1850 412.923255
1800 412.922596
1750 412.921911
1700 413.095283
1650 413.09442
1600 413.093567
1550 413.092732
1500 413.26818
1450 413.267253
1400 413.266375
1350 413.265559
1300 413.264813
1250 413.26415
1200 413.441548
1150 413.440906
1100 413.620719
1050 413.620126
1000 413.802242
950 413.801721
900 413.986098
850 414.172763
800 414.361654
750 414.746651
700 414.941914
650 415.339475
600 415.540496
550 415.949427
500 416.365437
450 417.003016
400 417.434672
350 418.093866
300 418.763788
250 419.672733
200 420.360951
150 421.288275
100 422.220119
50 423.387523
0 424.546916
