24000 303.770475
23950 303.791736
23900 303.938546
23850 304.08862
23800 304.241919
23750 304.398423
23700 304.420473
23650 304.580404
23600 304.743531
23550 304.909833
23500 304.932596
23450 305.102248
23400 305.27504
23350 305.450926
23300 305.474464
23250 305.653642
23200 305.835866
23150 306.02111
23100 306.209328
23050 306.233946
23000 306.42542
22950 306.619857
22900 306.817209
22850 307.01744
22800 307.220525
22750 307.246651
22700 307.452836
22650 307.661789
22600 307.873495
22550 308.087912
22500 308.305028
22450 308.524808
22400 308.747181
22350 308.972109
22300 309.199528
22250 309.429399
22200 309.458881
22150 309.69149
22100 309.926454
22050 310.163778
22000 310.403376
21950 310.645177
21900 310.676528
21850 310.920794
21800 311.167125
21750 311.415485
21700 311.665784
21650 311.698583
21600 311.951113
21550 312.205516
21500 312.461676
21450 312.49554
21400 312.753694
21350 313.013462
21300 313.274767
21250 313.30961
21200 313.572671
21150 313.837175
21100 314.103026
21050 314.138785
21000 314.406158
20950 314.674708
20900 314.944366
20850 315.215039
20800 315.486674
20750 315.523654
20700 315.796414
20650 316.069978
20600 316.344281
20550 316.619248
20500 316.894799
20450 317.170832
20400 317.447344
20350 317.724259
20300 318.00151
20250 318.04029
20200 318.317991
20150 318.595874
20100 318.873887
20050 319.152
20000 319.430161
19950 319.708265
19900 319.748426
19850 320.026692
19800 320.304751
19750 320.582536
19700 320.859976
19650 320.901091
19600 321.178378
19550 321.455152
19500 321.731318
19450 321.772978
19400 322.048597
19350 322.323418
19300 322.59733
19250 322.639285
19200 322.912317
19150 323.184237
19100 323.454919
19050 323.496849
19000 323.766153
18950 324.033976
18900 324.300229
18850 324.56489
18800 324.827828
18750 324.869316
18700 325.130421
18650 325.389645
18600 325.646933
18550 325.902192
18500 326.155402
18450 326.406512
18400 326.447715
18350 326.696638
18300 326.943296
18250 327.187661
18200 327.429653
18150 327.66924
18100 327.906405
18050 328.141083
18000 328.1828
17950 328.415095
17900 328.644765
17850 328.871755
17800 329.095964
17750 329.317307
17700 329.359642
17650 329.578147
17600 329.793607
17550 330.005933
17500 330.215026
17450 330.420821
17400 330.463083
17350 330.665439
17300 330.864288
17250 331.059575
17200 331.251199
17150 331.292726
17100 331.480373
17050 331.664125
17000 331.843895
16950 332.019618
16900 332.059756
16850 332.231072
16800 332.398235
16750 332.561235
16700 332.600247
16650 332.758794
16600 332.913088
16550 333.063095
16500 333.208767
16450 333.246612
16400 333.387741
16350 333.524491
16300 333.656826
16250 333.784724
16200 333.908164
16150 333.945019
16100 334.0639
16050 334.178296
16000 334.288198
15950 334.393585
15900 334.494424
15850 334.530735
15800 334.62689
15750 334.718417
15700 334.805271
15650 334.887423
15600 334.964837
15550 335.037486
15500 335.105337
15450 335.168365
15400 335.203389
15350 335.26138
15300 335.314494
15250 335.362704
15200 335.405992
15150 335.444341
15100 335.477732
15050 335.511167
15000 335.539311
14950 335.562458
14900 335.580598
14850 335.593722
14800 335.6257
14750 335.633494
14700 335.636256
14650 335.633982
14600 335.664641
14550 335.656982
14500 335.644286
14450 335.626559
14400 335.655779
14350 335.632646
14300 335.604488
14250 335.571318
14200 335.598983
14150 335.560406
14100 335.51684
14050 335.468305
14000 335.414827
13950 335.356423
13900 335.381561
13850 335.317858
13800 335.249317
13750 335.175979
13700 335.097893
13650 335.015091
13600 334.927623
13550 334.835531
13500 334.73889
13450 334.637747
13400 334.53215
13350 334.422151
13300 334.307792
13250 334.189136
13200 334.06623
13150 333.939132
13100 333.958433
13050 333.826912
13000 333.691328
12950 333.551746
12900 333.40825
12850 333.426072
12800 333.278456
12750 333.127086
12700 332.972031
12650 332.988846
12600 332.829942
12550 332.667472
12500 332.683635
12450 332.517481
12400 332.347923
12350 332.363507
12300 332.190435
12250 332.014101
12200 331.834585
12150 331.849501
12100 331.666719
12050 331.480912
12000 331.29211
11950 331.100387
11900 331.114536
11850 330.91975
11800 330.722132
11750 330.521712
11700 330.318523
11650 330.112628
11600 329.904061
11550 329.692872
11500 329.479115
11450 329.262858
11400 329.044188
11350 328.82316
11300 328.59988
11250 328.374393
11200 328.146778
11150 327.917103
11100 327.685459
11050 327.451966
11000 327.216716
10950 326.979762
10900 326.986443
10850 326.747537
10800 326.507228
10750 326.265646
10700 326.27094
10650 326.027943
10600 325.783932
10550 325.788402
10500 325.543233
10450 325.297205
10400 325.301001
10350 325.054071
10300 324.806498
10250 324.809719
10200 324.561472
10150 324.312825
10100 324.063799
10050 324.066367
10000 323.816865
9950 323.567087
9900 323.317114
9850 323.06698
9800 322.816777
9750 322.566591
9700 322.31646
9650 322.066412
9600 321.81653
9550 321.566875
9500 321.317524
9450 321.31777
9400 321.068601
9350 320.819882
9300 320.571674
9250 320.324056
9200 320.077102
9150 319.830878
9100 319.585471
9050 319.340969
9000 319.097444
8950 318.854978
8900 318.613672
8850 318.6115
8800 318.371243
8750 318.132283
8700 317.894705
8650 317.658556
8600 317.655655
8550 317.420936
8500 317.187828
8450 317.184559
8400 316.953076
8350 316.723345
8300 316.719786
8250 316.491867
8200 316.265892
8150 316.041917
8100 316.038144
8050 315.816256
8000 315.59654
7950 315.379074
7900 315.163904
7850 315.160078
7800 314.947236
7750 314.736785
7700 314.528739
7650 314.323141
7600 314.120037
7550 313.919463
7500 313.721424
7450 313.525958
7400 313.52147
7350 313.328447
7300 313.138014
7250 312.950173
7200 312.764954
7150 312.582369
7100 312.402437
7050 312.225154
7000 312.050523
6950 311.878564
6900 311.709324
6850 311.70175
6800 311.534978
6750 311.371047
6700 311.21002
6650 311.051967
6600 310.896944
6550 310.745038
6500 310.735885
6450 310.587045
6400 310.441463
6350 310.299205
6300 310.289828
6250 310.151007
6200 310.015672
6150 309.883893
6100 309.874877
6050 309.746934
6000 309.622732
5950 309.502314
5900 309.494205
5850 309.377797
5800 309.265141
5750 309.156223
5700 309.148725
5650 309.043622
5600 308.942189
5550 308.84441
5500 308.836957
5450 308.742736
5400 308.652066
5350 308.564927
5300 308.556903
5250 308.473033
5200 308.392585
5150 308.315522
5100 308.241809
5050 308.171412
5000 308.104296
4950 308.040437
4900 307.97986
4850 307.922604
4800 307.868717
4750 307.818236
4700 307.771204
4650 307.727661
4600 307.687655
4550 307.651227
4500 307.618411
4450 307.589245
4400 307.563767
4350 307.542015
4300 307.524024
4250 307.509832
4200 307.499479
4150 307.492993
4100 307.48012
4050 307.477751
4000 307.479348
3950 307.484927
3900 307.4731
3850 307.482867
3800 307.471499
3750 307.485316
3700 307.474294
3650 307.492022
3600 307.481228
3550 307.502731
3500 307.492054
3450 307.517188
3400 307.506504
3350 307.535121
3300 307.524313
3250 307.55627
3200 307.591624
3150 307.630318
3100 307.61888
3050 307.660613
3000 307.705559
2950 307.753668
2900 307.872132
2850 307.929889
2800 307.990724
2750 308.135367
2700 308.205582
2650 308.278772
2600 308.448775
2550 308.53103
2500 308.719639
2450 308.810742
2400 309.017446
2350 309.117125
2300 309.219506
2250 309.449351
2200 309.559926
2150 309.673066
2100 309.788738
2050 309.906916
2000 310.027553
1950 310.150617
1900 310.131973
1850 310.257182
1800 310.238216
1750 310.219178
1700 310.346332
1650 310.327044
1600 310.307719
1550 310.28837
1500 310.417351
1450 310.397842
1400 310.378345
1350 310.35887
1300 310.339429
1250 310.320036
1200 310.450747
1150 310.431319
1100 310.564283
1050 310.54486
1000 310.680047
950 310.660659
900 310.798052
850 310.937656
800 311.079416
750 311.388888
700 311.536871
650 311.858714
600 312.012481
550 312.345766
500 312.686233
450 313.220164
400 313.57681
350 314.133543
300 314.702115
250 315.483984
200 316.074095
150 316.879661
100 317.693397
50 318.723734
0 319.753653
