24000 62.2443922
23950 62.2119836
23900 62.1829846
23850 62.1534976
23800 62.1234556
23750 62.092905
23700 62.0593042
23650 62.027978
23600 61.9961156
23550 61.963687
23500 61.9291678
23450 61.8959758
23400 61.8622146
23350 61.827925
23300 61.7925159
23250 61.7575136
23200 61.7219693
23150 61.6858587
23100 61.6491995
23050 61.6127295
23000 61.5754031
22950 61.5375393
22900 61.4991749
22850 61.4603154
22800 61.4209752
22750 61.3833539
22700 61.3432985
22650 61.3027391
22600 61.2616354
22550 61.2200186
22500 61.1779224
22450 61.1353227
22400 61.0921968
22350 61.048572
22300 61.0044422
22250 60.959811
22200 60.9202803
22150 60.8749928
22100 60.8292539
22050 60.7830769
22000 60.7364465
21950 60.6893304
21900 60.64894
21850 60.6012187
21800 60.5530463
21750 60.5043978
21700 60.4552863
21650 60.4142367
21600 60.3646221
21550 60.3145509
21500 60.2640415
21450 60.2225178
21400 60.1714647
21350 60.1199971
21300 60.0681177
21250 60.0261509
21200 59.9737399
21150 59.9209547
21100 59.8677928
21050 59.8254678
21000 59.7718854
20950 59.717935
20900 59.6636494
20850 59.6090054
20800 59.5540248
20750 59.5112353
20700 59.4558702
20650 59.4002047
20600 59.344244
20550 59.2880086
20500 59.2314812
20450 59.1746861
20400 59.1176126
20350 59.0602788
20300 59.0026898
20250 58.9595152
20200 58.9017014
20150 58.8436809
20100 58.7854595
20050 58.7270323
20000 58.6684254
19950 58.6096268
19900 58.5664218
19850 58.5074714
19800 58.4483563
19750 58.3890688
19700 58.3296398
19650 58.2864906
19600 58.226951
19550 58.1672963
19500 58.1075783
19450 58.0645477
19400 58.0047673
19350 57.9449038
19300 57.8849704
19250 57.8421077
19200 57.7821707
19150 57.7221725
19100 57.6621269
19050 57.6194723
19000 57.5594713
18950 57.4994657
18900 57.4394688
18850 57.3794692
18800 57.3194988
18750 57.2772407
18700 57.2173938
18650 57.1576015
18600 57.0978666
18550 57.0382182
18500 56.9786549
18450 56.9191894
18400 56.8775374
18350 56.8183116
18300 56.7592313
18250 56.70028
18200 56.6414677
18150 56.5827988
18100 56.5243079
18050 56.4659999
18000 56.4252189
17950 56.3672051
17900 56.3093922
17850 56.2517625
17800 56.1943383
17750 56.1371623
17700 56.0971085
17650 56.0402807
17600 55.9836833
17550 55.9273336
17500 55.8712374
17450 55.8154252
17400 55.7761794
17350 55.7207851
17300 55.6657194
17250 55.6110077
17200 55.5566173
17150 55.5181645
17100 55.4642625
17050 55.4107294
17000 55.3575641
16950 55.3047632
16900 55.2672154
16850 55.2149849
16800 55.1631268
16750 55.1116936
16700 55.074894
16650 55.0240294
16600 54.9735741
16550 54.9235254
16500 54.8739006
16450 54.8380575
16400 54.7890522
16350 54.7405271
16300 54.6924913
16250 54.6448966
16200 54.5977717
16150 54.5631341
16100 54.5166808
16050 54.4707127
16000 54.4252255
15950 54.3802425
15900 54.3357544
15850 54.3023455
15800 54.2585303
15750 54.2151939
15700 54.1723388
15650 54.1299639
15600 54.0880839
15550 54.0467994
15500 54.0060273
15450 53.9657687
15400 53.9343762
15350 53.8949064
15300 53.85594
15250 53.8174859
15200 53.7795867
15150 53.7422254
15100 53.7053888
15050 53.6756214
15000 53.6395482
14950 53.6040096
14900 53.5689862
14850 53.5345302
14800 53.5059819
14750 53.4724096
14700 53.4393883
14650 53.4069543
14600 53.379385
14550 53.3477743
14500 53.3166928
14450 53.2861541
14400 53.2595916
14350 53.2298917
14300 53.2007574
14250 53.1721807
14200 53.1466497
14150 53.118916
14100 53.0917507
14050 53.0651459
14000 53.0391754
13950 53.0137888
13900 52.9898364
13850 52.965263
13800 52.9412898
13750 52.9178744
13700 52.8950069
13650 52.8726989
13600 52.8509365
13550 52.8297487
13500 52.8091047
13450 52.7890179
13400 52.7694876
13350 52.750474
13300 52.7319463
13250 52.7140213
13200 52.6966733
13150 52.6798661
13100 52.6602604
13050 52.6442634
13000 52.6288233
12950 52.6139043
12900 52.5995097
12850 52.5812582
12800 52.5676314
12750 52.5545287
12700 52.5419328
12650 52.524749
12600 52.5129307
12550 52.5016567
12500 52.4852507
12450 52.4747295
12400 52.4646969
12350 52.44908
12300 52.4397866
12250 52.4310277
12200 52.4227802
12150 52.4082131
12100 52.4006794
12050 52.3935908
12000 52.3869627
11950 52.3808126
11900 52.3675451
11850 52.3621076
11800 52.3571199
11750 52.3526045
11700 52.3485787
11650 52.3450115
11600 52.3418987
11550 52.339213
11500 52.336959
11450 52.3351934
11400 52.3338468
11350 52.3329195
11300 52.3324482
11250 52.3324159
11200 52.3328294
11150 52.3337135
11100 52.3350304
11050 52.3367605
11000 52.3389175
10950 52.3415054
10900 52.3338115
10850 52.3370869
10800 52.3407648
10750 52.3448415
10700 52.3382686
10650 52.3430185
10600 52.3481407
10550 52.3423933
10500 52.3481662
10450 52.3543094
10400 52.3493706
10350 52.3561504
10300 52.3632957
10250 52.3591531
10200 52.3669149
10150 52.3750354
10100 52.3835029
10050 52.3804069
10000 52.3894807
9950 52.3988785
9900 52.4086172
9850 52.4186786
9800 52.4290643
9750 52.4397726
9700 52.4507956
9650 52.4621338
9600 52.4737833
9550 52.4857539
9500 52.4980323
9450 52.4980538
9400 52.5108997
9350 52.5240474
9300 52.5374974
9250 52.5512443
9200 52.5652853
9150 52.5796227
9100 52.5942554
9050 52.609172
9000 52.6243643
8950 52.6398297
8900 52.6555714
8850 52.6586967
8800 52.6749659
8750 52.6915007
8700 52.7082977
8650 52.7253501
8600 52.7297493
8550 52.7473115
8500 52.7651271
8450 52.7702847
8400 52.7886004
8350 52.8071592
8300 52.8130693
8250 52.8321122
8200 52.851387
8150 52.8708942
8100 52.8777983
8050 52.8977817
8000 52.9179873
7950 52.9384108
7900 52.9590572
7850 52.9671865
7800 52.9882866
7750 53.0096006
7700 53.031125
7650 53.0528478
7600 53.0747665
7550 53.0968861
7500 53.1192141
7450 53.1417436
7400 53.1520455
7350 53.1750141
7300 53.1981872
7250 53.2215461
7200 53.2450974
7150 53.2688478
7100 53.2927876
7050 53.3169163
7000 53.3412436
6950 53.365772
6900 53.3904972
6850 53.4034892
6800 53.4286298
6750 53.4539314
6700 53.4794089
6650 53.5050563
6600 53.5308525
6550 53.556796
6500 53.5714182
6450 53.5977483
6400 53.6242248
6350 53.6508475
6300 53.6663557
6250 53.6933209
6200 53.7203956
6150 53.7476003
6100 53.763952
6050 53.7914817
6000 53.8191341
5950 53.8468929
5900 53.8640445
5850 53.8920939
5800 53.9202407
5750 53.9485022
5700 53.9664551
5650 53.9950436
5600 54.0237574
5550 54.0525741
5500 54.0713568
5450 54.1004692
5400 54.1296426
5350 54.1589005
5300 54.1784881
5250 54.2080665
5200 54.237755
5150 54.2675274
5100 54.2973671
5050 54.3272953
5000 54.3573194
4950 54.3874438
4900 54.4176597
4850 54.447962
4800 54.478349
4750 54.5088422
4700 54.5394285
4650 54.5701403
4600 54.6009153
4550 54.6317313
4500 54.6625685
4450 54.693447
4400 54.7243637
4350 54.7552808
4300 54.7862462
4250 54.817217
4200 54.8482216
4150 54.8792293
4100 54.9034973
4050 54.9346815
4000 54.9658548
3950 54.9970116
3900 55.0218752
3850 55.0532038
3800 55.078362
3750 55.1098477
3700 55.135301
3650 55.1669011
3600 55.1926337
3550 55.224344
3500 55.2503466
3450 55.2821739
3400 55.3084648
3350 55.3403857
3300 55.3669479
3250 55.3989366
3200 55.430874
3150 55.462796
3100 55.4899266
3050 55.5219722
3000 55.5539978
2950 55.5859885
2900 55.62197
2850 55.6537183
2800 55.6854498
2750 55.7204362
2700 55.7518242
2650 55.783133
2600 55.8169454
2550 55.847927
2500 55.8806582
2450 55.9112421
2400 55.9429677
2350 55.9731742
2300 56.0032714
2250 56.0336508
2200 56.0634515
2150 56.0931464
2100 56.1227133
2050 56.1521554
2000 56.1814583
1950 56.2106462
1900 56.2409679
1850 56.2701493
1800 56.3006609
1750 56.3312556
1700 56.3604758
1650 56.391236
1600 56.4220725
1550 56.4529791
1500 56.4823237
1450 56.5133813
1400 56.5445084
1350 56.5756899
1300 56.6069239
1250 56.6382086
1200 56.6677675
1150 56.6991678
1100 56.7286438
1050 56.760166
1000 56.7895722
950 56.8211919
900 56.8505084
850 56.8796016
800 56.9084713
750 56.9337682
700 56.9620219
650 56.9860132
600 57.0135877
550 57.0361628
500 57.0578132
450 57.0725053
400 57.0918281
350 57.1031953
300 57.112617
250 57.1113599
200 57.1162025
150 57.1090438
100 57.0986949
50 57.0735084
0 57.0443
