24000 428.329714
23950 428.342418
23900 428.140867
23850 427.937705
23800 427.733108
23750 427.527038
23700 427.539763
23650 427.332102
23600 427.123035
23550 426.912792
23500 426.925443
23450 426.713886
23400 426.50111
23350 426.287264
23300 426.299754
23250 426.084864
23200 425.868976
23150 425.652156
23100 425.434439
23050 425.446559
23000 425.228017
22950 425.008746
22900 424.788781
22850 424.568256
22800 424.347261
22750 424.358766
22700 424.137252
22650 423.915361
22600 423.693137
22550 423.470694
22500 423.248149
22450 423.025563
22400 422.803011
22350 422.580534
22300 422.358207
22250 422.136182
22200 422.146301
22150 421.924549
22100 421.703236
22050 421.482435
22000 421.262227
21950 421.042701
21900 421.052305
21850 420.833473
21800 420.615493
21750 420.398437
21700 420.182381
21650 420.191714
21600 419.976672
21550 419.762806
21500 419.550174
21450 419.559395
21400 419.348029
21350 419.138083
21300 418.929641
21250 418.938816
21200 418.731906
21150 418.526619
21100 418.323105
21050 418.332328
21000 418.130602
20950 417.930728
20900 417.732827
20850 417.536901
20800 417.343004
20750 417.352269
20700 417.160464
20650 416.970784
20600 416.783316
20550 416.598087
20500 416.415127
20450 416.234466
20400 416.056184
20350 415.880259
20300 415.706782
20250 415.715266
20200 415.544077
20150 415.375389
20100 415.209308
20050 415.045766
20000 414.884809
19950 414.726396
19900 414.733423
19850 414.577452
19800 414.424188
19750 414.273667
19700 414.125985
19650 414.132171
19600 413.987274
19550 413.845527
19500 413.706902
19450 413.712858
19400 413.57733
19350 413.445027
19300 413.316004
19250 413.322167
19200 413.196568
19150 413.074448
19100 412.95597
19050 412.962814
19000 412.84827
18950 412.737519
18900 412.630478
18850 412.527125
18800 412.427474
18750 412.435751
18700 412.339955
18650 412.247995
18600 412.159811
18550 412.075412
18500 411.994776
18450 411.917877
18400 411.926887
18350 411.853703
18300 411.784224
18250 411.718523
18200 411.656488
18150 411.598133
18100 411.54338
18050 411.492332
18000 411.500656
17950 411.453014
17900 411.409028
17850 411.368723
17800 411.332073
17750 411.29915
17700 411.306531
17650 411.277262
17600 411.251923
17550 411.230402
17500 411.212721
17450 411.198901
17400 411.206095
17350 411.196185
17300 411.190176
17250 411.188161
17200 411.190233
17150 411.197875
17100 411.204129
17050 411.21446
17000 411.228759
16950 411.247161
16900 411.255752
16850 411.278429
16800 411.305246
16750 411.336077
16700 411.345298
16650 411.380204
16600 411.418897
16550 411.461516
16500 411.507979
16450 411.517623
16400 411.568053
16350 411.622289
16300 411.680352
16250 411.742093
16200 411.807533
16150 411.817136
16100 411.886213
16050 411.958936
16000 412.035288
15950 412.115222
15900 412.198684
15850 412.207743
15800 412.294609
15750 412.384909
15700 412.478692
15650 412.576013
15600 412.676899
15550 412.781239
15500 412.88897
15450 413.000079
15400 413.008596
15350 413.123131
15300 413.241043
15250 413.362297
15200 413.487022
15150 413.61502
15100 413.746248
15050 413.75466
15000 413.889177
14950 414.026916
14900 414.167826
14850 414.311886
14800 414.320344
14750 414.467687
14700 414.618204
14650 414.771741
14600 414.78028
14550 414.936838
14500 415.096444
14450 415.259007
14400 415.267654
14350 415.433203
14300 415.601644
14250 415.772977
14200 415.78175
14150 415.955952
14100 416.132877
14050 416.312543
14000 416.494858
13950 416.679791
13900 416.68877
13850 416.876328
13800 417.066367
13750 417.258976
13700 417.45403
13650 417.651397
13600 417.851022
13550 418.052854
13500 418.256894
13450 418.463049
13400 418.67129
13350 418.881482
13300 419.093607
13250 419.307681
13200 419.523548
13150 419.741216
13100 419.749604
13050 419.968887
13000 420.189844
12950 420.412354
12900 420.636412
12850 420.6443
12800 420.869657
12750 421.096449
12700 421.324552
12650 421.33195
12600 421.561226
12550 421.791731
12500 421.798725
12450 422.030209
12400 422.26277
12350 422.269338
12300 422.5028
12250 422.737181
12200 422.972515
12150 422.978499
12100 423.214533
12050 423.451404
12000 423.689042
11950 423.927382
11900 423.932666
11850 424.171542
11800 424.411055
11750 424.651108
11700 424.891674
11650 425.132695
11600 425.374061
11550 425.615753
11500 425.857661
11450 426.09977
11400 426.342009
11350 426.58424
11300 426.826402
11250 427.068436
11200 427.310255
11150 427.551765
11100 427.792868
11050 428.033458
11000 428.273448
10950 428.512745
10900 428.515267
10850 428.753513
10800 428.990877
10750 429.227282
10700 429.228822
10650 429.463916
10600 429.697867
10550 429.698705
10500 429.931209
10450 430.162458
10400 430.162662
10350 430.392402
10300 430.620813
10250 430.620492
10200 430.847329
10150 431.07275
10100 431.296702
10050 431.295885
10000 431.518231
9950 431.739071
9900 431.958352
9850 432.175984
9800 432.391934
9750 432.606157
9700 432.818555
9650 433.029073
9600 433.23766
9550 433.444217
9500 433.648639
9450 433.647012
9400 433.849183
9350 434.0491
9300 434.24671
9250 434.441967
9200 434.63471
9150 434.824867
9100 435.012426
9050 435.197242
9000 435.379284
8950 435.558395
8900 435.734575
8850 435.730844
8800 435.903801
8750 436.073601
8700 436.24026
8650 436.403709
8600 436.398614
8550 436.558375
8500 436.714842
8450 436.70884
8400 436.861461
8350 437.010536
8300 437.003536
8250 437.148649
8200 437.290011
8150 437.427686
8100 437.419189
8050 437.552597
8000 437.682171
7950 437.807763
7900 437.92942
7850 437.918898
7800 438.03622
7750 438.149543
7700 438.258824
7650 438.36416
7600 438.465481
7550 438.562738
7500 438.655982
7450 438.745132
7400 438.732438
7350 438.817508
7300 438.898606
7250 438.97573
7200 439.048875
7150 439.118084
7100 439.183285
7050 439.244526
7000 439.3019
6950 439.355371
6900 439.404774
6850 439.392968
6800 439.438493
6750 439.479853
6700 439.517034
6650 439.550108
6600 439.578822
6550 439.603136
6500 439.591327
6450 439.61123
6400 439.626593
6350 439.637384
6300 439.62473
6250 439.630783
6200 439.632112
6150 439.628772
6100 439.614627
6050 439.606118
6000 439.592744
5950 439.574624
5900 439.558449
5850 439.535048
5800 439.506943
5750 439.474216
5700 439.456481
5650 439.418898
5600 439.376858
5550 439.330325
5500 439.311772
5450 439.260795
5400 439.20553
5350 439.146119
5300 439.127486
5250 439.064038
5200 438.996459
5150 438.925013
5100 438.849578
5050 438.770444
5000 438.687489
4950 438.600884
4900 438.510677
4850 438.416686
4800 438.319117
4750 438.217796
4700 438.112707
4650 438.003896
4600 437.891232
4550 437.774905
4500 437.65481
4450 437.530932
4400 437.403278
4350 437.271854
4300 437.136815
4250 436.997965
4200 436.855489
4150 436.70933
4100 436.692832
4050 436.542688
4000 436.389016
3950 436.231728
3900 436.21398
3850 436.052955
3800 436.034612
3750 435.870166
3700 435.851353
3650 435.683503
3600 435.664343
3550 435.493355
3500 435.47396
3450 435.300024
3400 435.280496
3350 435.103793
3300 435.084253
3250 434.904972
3200 434.723079
3150 434.538608
3100 434.519535
3050 434.332859
3000 434.143851
2950 433.952575
2900 433.581398
2850 433.383449
2800 433.18354
2750 432.794587
2700 432.588723
2650 432.381115
2600 431.976764
2550 431.764128
2500 431.349529
2450 431.132386
2400 430.708787
2350 430.487709
2300 430.265601
2250 429.831825
2200 429.60655
2150 429.380529
2100 429.153715
2050 428.926176
2000 428.698023
1950 428.469366
1900 428.457049
1850 428.228113
1800 428.215968
1750 428.203795
1700 427.974822
1650 427.962808
1600 427.950759
1550 427.938675
1500 427.709923
1450 427.697984
1400 427.686003
1350 427.673979
1300 427.661909
1250 427.649791
1200 427.421703
1150 427.409717
1100 427.181659
1050 427.169813
1000 426.941848
950 426.930157
900 426.702389
850 426.474687
800 426.247117
750 425.803454
700 425.576686
650 425.134372
600 424.908974
550 424.469478
500 424.032308
450 423.385755
400 422.956584
350 422.323763
300 421.701261
250 420.891464
200 420.29921
150 419.534487
100 418.800141
50 417.929655
0 417.116615
