24000 465.675474
23950 465.747069
23900 465.715747
23850 465.689244
23800 465.667579
23750 465.650774
23700 465.724361
23650 465.712783
23600 465.706531
23550 465.705656
23500 465.781047
23450 465.785475
23400 465.794875
23350 465.809264
23300 465.886103
23250 465.905847
23200 465.93061
23150 465.960405
23100 465.995246
23050 466.073895
23000 466.114152
22950 466.15948
22900 466.209895
22850 466.26541
22800 466.326041
22750 466.406955
22700 466.473117
22650 466.544428
22600 466.620944
22550 466.702846
22500 466.790385
22450 466.883896
22400 466.982629
22350 467.08659
22300 467.19578
22250 467.310204
22200 467.395952
22150 467.516109
22100 467.641508
22050 467.772147
22000 467.908021
21950 468.049126
21900 468.137933
21850 468.284782
21800 468.436828
21750 468.594055
21700 468.756443
21650 468.847854
21600 469.017327
21550 469.19193
21500 469.37164
21450 469.465431
21400 469.650727
21350 469.841077
21300 470.036451
21250 470.132164
21200 470.333025
21150 470.538849
21100 470.749603
21050 470.847171
21000 471.063297
20950 471.284277
20900 471.510051
20850 471.74143
20800 471.978165
20750 472.078609
20700 472.320255
20650 472.566411
20600 472.817011
20550 473.07199
20500 473.331282
20450 473.594821
20400 473.862543
20350 474.134384
20300 474.410277
20250 474.512316
20200 474.792217
20150 475.077124
20100 475.3664
20050 475.659461
20000 475.956245
19950 476.2567
19900 476.358801
19850 476.662877
19800 476.970628
19750 477.282041
19700 477.597463
19650 477.699143
19600 478.018464
19550 478.341557
19500 478.668537
19450 478.770949
19400 479.103063
19350 479.438743
19300 479.777953
19250 479.881039
19200 480.223994
19150 480.57041
19100 480.920241
19050 481.024233
19000 481.377724
18950 481.734524
18900 482.094541
18850 482.457678
18800 482.823838
18750 482.929596
18700 483.300426
18650 483.674052
18600 484.050382
18550 484.429323
18500 484.810784
18450 485.194676
18400 485.300667
18350 485.686849
18300 486.075267
18250 486.465836
18200 486.858475
18150 487.253102
18100 487.64967
18050 488.04956
18000 488.154995
17950 488.556461
17900 488.959612
17850 489.364391
17800 489.770739
17750 490.178595
17700 490.282921
17650 490.692081
17600 491.10262
17550 491.514468
17500 491.927827
17450 492.342631
17400 492.445492
17350 492.861222
17300 493.278567
17250 493.697549
17200 494.11733
17150 494.219721
17100 494.640021
17050 495.06092
17000 495.48232
16950 495.904121
16900 496.005286
16850 496.427123
16800 496.849138
16750 497.271231
16700 497.371141
16650 497.792898
16600 498.214522
16550 498.635915
16500 499.056979
16450 499.155104
16400 499.575725
16350 499.996606
16300 500.416852
16250 500.83637
16200 501.255068
16150 501.351299
16100 501.7687
16050 502.1851
16000 502.600412
15950 503.014548
15900 503.427416
15850 503.521207
15800 503.932316
15750 504.341966
15700 504.75006
15650 505.1565
15600 505.56119
15550 505.964029
15500 506.364917
15450 506.763753
15400 506.853616
15350 507.249835
15300 507.643787
15250 508.035945
15200 508.425767
15150 508.812983
15100 509.197484
15050 509.284194
15000 509.665332
14950 510.043525
14900 510.418665
14850 510.790641
14800 510.87443
14750 511.242533
14700 511.607239
14650 511.968438
14600 512.049664
14550 512.406593
14500 512.759777
14450 513.109105
14400 513.187569
14350 513.532223
14300 513.87278
14250 514.20913
14200 514.284619
14150 514.615883
14100 514.942698
14050 515.264952
14000 515.582533
13950 515.895332
13900 515.965964
13850 516.273046
13800 516.575144
13750 516.872165
13700 517.164198
13650 517.451325
13600 517.73312
13550 518.009495
13500 518.280364
13450 518.54564
13400 518.805241
13350 519.059085
13300 519.307091
13250 519.549183
13200 519.785282
13150 520.015317
13100 520.072689
13050 520.295744
13000 520.512596
12950 520.723176
12900 520.927429
12850 520.980666
12800 521.177746
12750 521.368408
12700 521.552606
12650 521.602772
12600 521.779729
12550 521.950149
12500 521.998178
12450 522.16134
12400 522.317904
12350 522.363945
12300 522.513246
12250 522.655898
12200 522.792532
12150 522.83637
12100 522.966045
12050 523.089018
12000 523.205264
11950 523.31475
11900 523.355874
11850 523.457901
11800 523.552939
11750 523.640893
11700 523.721675
11650 523.795196
11600 523.861368
11550 523.920106
11500 523.97133
11450 524.014959
11400 524.050916
11350 524.079128
11300 524.099525
11250 524.112039
11200 524.117122
11150 524.115539
11100 524.106035
11050 524.088447
11000 524.06273
10950 524.028862
10900 524.046904
10850 524.003453
10800 523.952081
10750 523.892882
10700 523.905338
10650 523.837197
10600 523.761498
10550 523.770491
10500 523.686334
10450 523.594898
10400 523.601043
10350 523.501636
10300 523.39523
10250 523.399129
10200 523.285233
10150 523.165353
10100 523.039356
10050 523.041235
10000 522.90838
9950 522.769175
9900 522.623647
9850 522.471811
9800 522.314337
9750 522.15102
9700 521.981465
9650 521.805696
9600 521.623743
9550 521.435638
9500 521.241418
9450 521.237708
9400 521.036751
9350 520.829731
9300 520.616695
9250 520.398213
9200 520.174475
9150 519.94488
9100 519.709489
9050 519.468367
9000 519.221584
8950 518.969216
8900 518.711798
8850 518.698514
8800 518.435549
8750 518.167284
8700 517.893823
8650 517.615268
8600 517.597505
8550 517.313091
8500 517.023804
8450 517.003318
8400 516.708406
8350 516.408856
8300 516.385658
8250 516.080736
8200 515.771422
8150 515.458562
8100 515.431739
8050 515.114192
8000 514.792631
7950 514.467189
7900 514.138024
7850 514.107066
7800 513.774232
7750 513.438626
7700 513.099799
7650 512.7579
7600 512.413079
7550 512.065479
7500 511.715243
7450 511.362509
7400 511.326343
7350 510.970806
7300 510.613056
7250 510.253219
7200 509.89142
7150 509.527778
7100 509.162409
7050 508.795425
7000 508.426936
6950 508.057044
6900 507.686714
6850 507.646015
6800 507.274586
6750 506.902307
6700 506.528954
6650 506.15463
6600 505.77944
6550 505.403494
6500 505.359134
6450 504.982066
6400 504.604476
6350 504.226488
6300 504.180069
6250 503.801368
6200 503.42254
6150 503.04372
6100 502.995427
6050 502.616391
6000 502.237671
5950 501.859411
5900 501.809558
5850 501.43162
5800 501.054425
5750 500.678831
5700 500.627844
5650 500.253139
5600 499.879514
5550 499.507069
5500 499.454807
5450 499.08339
5400 498.713332
5350 498.344716
5300 498.291082
5250 497.923684
5200 497.557856
5150 497.193663
5100 496.831162
5050 496.470407
5000 496.111446
4950 495.754329
4900 495.399135
4850 495.045949
4800 494.694861
4750 494.345962
4700 493.999346
4650 493.65511
4600 493.313352
4550 492.974173
4500 492.637676
4450 492.303965
4400 491.973146
4350 491.645798
4300 491.321624
4250 491.000654
4200 490.682999
4150 490.368775
4100 490.308109
4050 489.997504
4000 489.690609
3950 489.387531
3900 489.327182
3850 489.028142
3800 488.967858
3750 488.672869
3700 488.612583
3650 488.321641
3600 488.261283
3550 487.974372
3500 487.913863
3450 487.630954
3400 487.570209
3350 487.291259
3300 487.230188
3250 486.955143
3200 486.684065
3150 486.416963
3100 486.355186
3050 486.09188
3000 485.832529
2950 485.57714
2900 485.141312
2850 484.898237
2800 484.659243
2750 484.25755
2700 484.031792
2650 483.810235
2600 483.443554
2550 483.234998
2500 482.894877
2450 482.699502
2400 482.386289
2350 482.204242
2300 482.026577
2250 481.74961
2200 481.58542
2150 481.425655
2100 481.270324
2050 481.119433
2000 480.97299
1950 480.831003
1900 480.764404
1850 480.626691
1800 480.559655
1750 480.492404
1700 480.358911
1650 480.291362
1600 480.223668
1550 480.155856
1500 480.026734
1450 479.95881
1400 479.891063
1350 479.823499
1300 479.755936
1250 479.688399
1200 479.565109
1150 479.497747
1100 479.37937
1050 479.312276
1000 479.198887
950 479.132154
900 479.023831
850 478.920368
800 478.821777
750 478.704601
700 478.62033
650 478.531097
600 478.461088
550 478.399601
500 478.35635
450 478.358087
400 478.361543
350 478.431091
300 478.539786
250 478.767316
200 478.965694
150 479.307285
100 479.715153
50 480.32469
0 481.024667
