24000 432.904387
23950 432.974394
23900 433.266774
23850 433.557318
23800 433.845882
23750 434.132434
23700 434.20626
23650 434.491469
23600 434.774472
23550 435.055163
23500 435.131864
23450 435.410935
23400 435.687523
23350 435.96159
23300 436.041015
23250 436.31322
23200 436.582721
23150 436.849416
23100 437.113244
23050 437.195898
23000 437.457519
22950 437.716115
22900 437.971641
22850 438.224021
22800 438.473188
22750 438.559368
22700 438.805743
22650 439.048697
22600 439.288108
22550 439.523926
22500 439.756104
22450 439.98454
22400 440.20913
22350 440.429824
22300 440.646539
22250 440.8592
22200 440.950151
22150 441.159
22100 441.363669
22050 441.564095
22000 441.760189
21950 441.95185
21900 442.044283
21850 442.231664
21800 442.414507
21750 442.59273
21700 442.766289
21650 442.859497
21600 443.028556
21550 443.192834
21500 443.352299
21450 443.445901
21400 443.600593
21350 443.75038
21300 443.89522
21250 443.98902
21200 444.128885
21150 444.263736
21100 444.39353
21050 444.48739
21000 444.612123
20950 444.73172
20900 444.846204
20850 444.955546
20800 445.059766
20750 445.153674
20700 445.252856
20650 445.346965
20600 445.436012
20550 445.52002
20500 445.598979
20450 445.672921
20400 445.741845
20350 445.805781
20300 445.864744
20250 445.960259
20200 446.014573
20150 446.064005
20100 446.108576
20050 446.148298
20000 446.183213
19950 446.213317
19900 446.310986
19850 446.336514
19800 446.357116
19750 446.37274
19700 446.383372
19650 446.48178
19600 446.487371
19550 446.487862
19500 446.483269
19450 446.581403
19400 446.571442
19350 446.556259
19300 446.535839
19250 446.632935
19200 446.606869
19150 446.575479
19100 446.53876
19050 446.63408
19000 446.591473
18950 446.543521
18900 446.490291
18850 446.431839
18800 446.368266
18750 446.460334
18700 446.391262
18650 446.31726
18600 446.2384
18550 446.154782
18500 446.066476
18450 445.973567
18400 446.063102
18350 445.965436
18300 445.86338
18250 445.756987
18200 445.646338
18150 445.531509
18100 445.412605
18050 445.289699
18000 445.377832
17950 445.250875
17900 445.120036
17850 444.985318
17800 444.846766
17750 444.704448
17700 444.791577
17650 444.645193
17600 444.495053
17550 444.341207
17500 444.183697
17450 444.022593
17400 444.107677
17350 443.942556
17300 443.773948
17250 443.601927
17200 443.42651
17150 443.509319
17100 443.330018
17050 443.147462
17000 442.961711
16950 442.772831
16900 442.852995
16850 442.660537
16800 442.465151
16750 442.266981
16700 442.345118
16650 442.143694
16600 441.939661
16550 441.733108
16500 441.524142
16450 441.5999
16400 441.38813
16350 441.174186
16300 440.958164
16250 440.740103
16200 440.520117
16150 440.593184
16100 440.370894
16050 440.146862
16000 439.921167
15950 439.693913
15900 439.465166
15850 439.535533
15800 439.304846
15750 439.072794
15700 438.839457
15650 438.604915
15600 438.369262
15550 438.13268
15500 437.895166
15450 437.656805
15400 437.722736
15350 437.483124
15300 437.242817
15250 437.00191
15200 436.760532
15150 436.518752
15100 436.276644
15050 436.338914
15000 436.096021
14950 435.852986
14900 435.609878
14850 435.366841
14800 435.426521
14750 435.183174
14700 434.940063
14650 434.697315
14600 434.754941
14550 434.5121
14500 434.269749
14450 434.027995
14400 434.083603
14350 433.842057
14300 433.601319
14250 433.361471
14200 433.415111
14150 433.175768
14100 432.937518
14050 432.700444
14000 432.464712
13950 432.230363
13900 432.28113
13850 432.047739
13800 431.815923
13750 431.585726
13700 431.357221
13650 431.130502
13600 430.905635
13550 430.68273
13500 430.461834
13450 430.243038
13400 430.026415
13350 429.812002
13300 429.599838
13250 429.390114
13200 429.182872
13150 428.978145
13100 429.021276
13050 428.818623
13000 428.618628
12950 428.42132
12900 428.226762
12850 428.267302
12800 428.074982
12750 427.885519
12700 427.69895
12650 427.737248
12600 427.553042
12550 427.371859
12500 427.408342
12450 427.22955
12400 427.05381
12350 427.088381
12300 426.915057
12250 426.744904
12200 426.577939
12150 426.609769
12100 426.445247
12050 426.283908
12000 426.125805
11950 425.970996
11900 425.999105
11850 425.846927
11800 425.698205
11750 425.553046
11700 425.411553
11650 425.273782
11600 425.139815
11550 425.009713
11500 424.883568
11450 424.761525
11400 424.643604
11350 424.529892
11300 424.420515
11250 424.315543
11200 424.215072
11150 424.119213
11100 424.028014
11050 423.941541
11000 423.859894
10950 423.783144
10900 423.805091
10850 423.733215
10800 423.666143
10750 423.603848
10700 423.625467
10650 423.567718
10600 423.514611
10550 423.535418
10500 423.486558
10450 423.442213
10400 423.461702
10350 423.421291
10300 423.385251
10250 423.402907
10200 423.370463
10150 423.342232
10100 423.318153
10050 423.332552
10000 423.311615
9950 423.29466
9900 423.281722
9850 423.27282
9800 423.267989
9750 423.267261
9700 423.270663
9650 423.278229
9600 423.289985
9550 423.305972
9500 423.326209
9450 423.330108
9400 423.353941
9350 423.382106
9300 423.414629
9250 423.451531
9200 423.492832
9150 423.538558
9100 423.588728
9050 423.64335
9000 423.702433
8950 423.765986
8900 423.83401
8850 423.831729
8800 423.903837
8750 423.980396
8700 424.061392
8650 424.146805
8600 424.142762
8550 424.232245
8500 424.326117
8450 424.321137
8400 424.419066
8350 424.521339
8300 424.515497
8250 424.621794
8200 424.73238
8150 424.847225
8100 424.840323
8050 424.959129
8000 425.082125
7950 425.209264
7900 425.340477
7850 425.332212
7800 425.467018
7750 425.605679
7700 425.748109
7650 425.894211
7600 426.0439
7550 426.197096
7500 426.353724
7450 426.513693
7400 426.500682
7350 426.663187
7300 426.828838
7250 426.997537
7200 427.169209
7150 427.343782
7100 427.52117
7050 427.701293
7000 427.884086
6950 428.069489
6900 428.257479
6850 428.235392
6800 428.425138
6750 428.617459
6700 428.812355
6650 429.009799
6600 429.20975
6550 429.412178
6500 429.3854
6450 429.589745
6400 429.796537
6350 430.005738
6300 429.977073
6250 430.188184
6200 430.401602
6150 430.617298
6100 430.587158
6050 430.804707
6000 431.024426
5950 431.246224
5900 431.214852
5850 431.43819
5800 431.663324
5750 431.890153
5700 431.857156
5650 432.085031
5600 432.314352
5550 432.544989
5500 432.509917
5450 432.741103
5400 432.97333
5350 433.206524
5300 433.168987
5250 433.402362
5200 433.636528
5150 433.871372
5100 434.106792
5050 434.34273
5000 434.579115
4950 434.815882
4900 435.052975
4850 435.290342
4800 435.527933
4750 435.765715
4700 436.003619
4650 436.241617
4600 436.479583
4550 436.717427
4500 436.95506
4450 437.192424
4400 437.429441
4350 437.665989
4300 437.902031
4250 438.137435
4200 438.372137
4150 438.606009
4100 438.553202
4050 438.785551
4000 439.016841
3950 439.246957
3900 439.191888
3850 439.420106
3800 439.364019
3750 439.590207
3700 439.533108
3650 439.75712
3600 439.699007
3550 439.920751
3500 439.861635
3450 440.081041
3400 440.020969
3350 440.237955
3300 440.176946
3250 440.391438
3200 440.604024
3150 440.814673
3100 440.751606
3050 440.959687
3000 441.165725
2950 441.369645
2900 441.83654
2850 442.034222
2800 442.229538
2750 442.680139
2700 442.868283
2650 443.053736
2600 443.485582
2550 443.663069
2500 444.079408
2450 444.248265
2400 444.647946
2350 444.807616
2300 444.963942
2250 445.33931
2200 445.4858
2150 445.62872
2100 445.767995
2050 445.903576
2000 446.035397
1950 446.16343
1900 446.088378
1850 446.212204
1800 446.136631
1750 446.060899
1700 446.180023
1650 446.103724
1600 446.027245
1550 445.950577
1500 446.064504
1450 445.987218
1400 445.909727
1350 445.832011
1300 445.754064
1250 445.675879
1200 445.783508
1150 445.704604
1100 445.807618
1050 445.727975
1000 445.826306
950 445.745875
900 445.839424
850 445.928569
800 446.013254
750 446.252265
700 446.323912
650 446.5378
600 446.59592
550 446.783784
500 446.954202
450 447.220335
400 447.346313
350 447.54571
300 447.704324
250 447.88176
200 447.943317
150 447.990691
100 447.963231
50 447.847421
0 447.616281
