24000 422.855256
23950 422.917741
23900 422.822689
23850 422.728926
23800 422.636496
23750 422.54545
23700 422.609757
23650 422.520432
23600 422.432539
23550 422.346114
23500 422.411788
23450 422.327158
23400 422.244058
23350 422.162501
23300 422.229429
23250 422.149692
23200 422.071562
23150 421.995075
23100 421.920252
23050 421.988575
23000 421.91568
22950 421.844497
22900 421.775088
22850 421.707462
22800 421.641648
22750 421.711479
22700 421.647742
22650 421.58587
22600 421.525902
22550 421.467928
22500 421.411977
22450 421.358052
22400 421.30619
22350 421.256397
22300 421.208715
22250 421.163197
22200 421.235674
22150 421.192534
22100 421.151574
22050 421.112863
22000 421.076425
21950 421.042296
21900 421.116267
21850 421.084698
21800 421.055434
21750 421.028529
21700 421.004036
21650 421.079301
21600 421.057539
21550 421.038201
21500 421.02133
21450 421.097615
21400 421.083479
21350 421.071833
21300 421.062714
21250 421.139962
21200 421.133622
21150 421.129843
21100 421.128606
21050 421.206774
21000 421.208316
20950 421.212485
20900 421.219256
20850 421.228707
20800 421.240776
20750 421.320121
20700 421.334949
20650 421.352429
20600 421.372422
20550 421.394947
20500 421.420036
20450 421.447682
20400 421.477883
20350 421.510654
20300 421.545952
20250 421.625587
20200 421.663249
20150 421.703405
20100 421.746067
20050 421.791228
20000 421.838817
19950 421.88887
19900 421.967487
19850 422.019847
19800 422.074699
19750 422.132106
19700 422.192017
19650 422.270019
19600 422.332398
19550 422.397409
19500 422.465079
19450 422.542888
19400 422.613273
19350 422.686426
19300 422.762286
19250 422.840239
19200 422.918937
19150 423.000512
19100 423.084915
19050 423.163285
19000 423.250655
18950 423.340846
18900 423.433856
18850 423.529732
18800 423.628451
18750 423.707526
18700 423.809175
18650 423.913561
18600 424.020678
18550 424.130483
18500 424.242944
18450 424.358047
18400 424.436927
18350 424.554492
18300 424.674637
18250 424.797327
18200 424.922519
18150 425.050148
18100 425.180222
18050 425.312839
18000 425.390079
17950 425.524781
17900 425.661804
17850 425.801206
17800 425.943024
17750 426.08729
17700 426.162855
17650 426.309328
17600 426.458164
17550 426.609413
17500 426.763057
17450 426.919105
17400 426.993354
17350 427.151581
17300 427.312238
17250 427.475424
17200 427.64103
17150 427.7145
17100 427.882405
17050 428.052705
17000 428.225388
16950 428.400463
16900 428.473292
16850 428.650537
16800 428.830067
16750 429.011894
16700 429.084013
16650 429.267846
16600 429.453883
16550 429.642033
16500 429.832274
16450 429.903199
16400 430.095228
16350 430.289308
16300 430.485354
16250 430.683341
16200 430.883251
16150 430.952293
16100 431.153725
16050 431.35694
16000 431.561958
15950 431.768715
15900 431.977191
15850 432.043949
15800 432.253723
15750 432.465113
15700 432.678161
15650 432.892774
15600 433.10893
15550 433.326674
15500 433.545898
15450 433.76664
15400 433.829945
15350 434.051728
15300 434.274889
15250 434.499431
15200 434.725281
15150 434.95245
15100 435.180875
15050 435.241544
15000 435.470766
14950 435.701139
14900 435.932612
14850 436.165152
14800 436.22388
14750 436.45708
14700 436.691223
14650 436.926302
14600 436.983431
14550 437.21896
14500 437.455253
14450 437.692304
14400 437.74776
14350 437.985083
14300 438.22303
14250 438.461563
14200 438.515284
14150 438.753905
14100 438.992969
14050 439.232408
14000 439.472182
13950 439.712247
13900 439.763235
13850 440.003003
13800 440.242892
13750 440.482869
13700 440.722825
13650 440.962699
13600 441.202437
13550 441.441984
13500 441.681265
13450 441.920208
13400 442.158744
13350 442.396816
13300 442.634361
13250 442.8713
13200 443.107566
13150 443.343099
13100 443.385743
13050 443.619903
13000 443.853194
12950 444.085547
12900 444.316892
12850 444.3567
12800 444.586398
12750 444.814954
12700 445.042322
12650 445.07985
12600 445.305379
12550 445.529589
12500 445.565432
12450 445.787741
12400 446.008608
12350 446.042796
12300 446.261613
12250 446.478877
12200 446.694552
12150 446.7266
12100 446.940111
12050 447.15191
12000 447.361943
11950 447.570177
11900 447.599664
11850 447.805521
11800 448.009458
11750 448.211402
11700 448.411245
11650 448.608892
11600 448.804229
11550 448.997178
11500 449.187686
11450 449.375722
11400 449.56116
11350 449.743905
11300 449.92387
11250 450.100959
11200 450.275089
11150 450.446148
11100 450.614055
11050 450.778718
11000 450.940115
10950 451.098085
10900 451.113315
10850 451.266863
10800 451.416894
10750 451.563415
10700 451.575134
10650 451.717314
10600 451.855981
10550 451.865317
10500 451.999579
10450 452.130242
10400 452.137436
10350 452.263777
10300 452.386558
10250 452.391872
10200 452.510533
10150 452.625669
10100 452.737201
10050 452.740438
10000 452.847905
9950 452.951935
9900 453.052356
9850 453.149137
9800 453.242261
9750 453.331783
9700 453.417568
9650 453.499529
9600 453.577687
9550 453.652081
9500 453.722549
9450 453.720246
9400 453.786199
9350 453.848149
9300 453.906092
9250 453.959915
9200 454.009653
9150 454.05525
9100 454.096632
9050 454.133771
9000 454.166642
8950 454.195253
8900 454.219568
8850 454.209528
8800 454.228805
8750 454.24375
8700 454.254336
8650 454.260525
8600 454.246783
8550 454.247882
8500 454.244559
8450 454.228519
8400 454.220089
8350 454.207264
8300 454.188877
8250 454.170808
8200 454.148328
8150 454.121499
8100 454.099903
8050 454.067811
8000 454.031331
7950 453.990461
7900 453.945205
7850 453.919612
7800 453.869326
7750 453.814904
7700 453.756274
7650 453.693541
7600 453.626822
7550 453.555988
7500 453.481192
7450 453.402549
7400 453.371475
7350 453.288463
7300 453.201656
7250 453.111153
7200 453.016964
7150 452.919186
7100 452.817858
7050 452.71302
7000 452.60478
6950 452.493112
6900 452.378143
6850 452.343292
6800 452.224643
6750 452.102561
6700 451.977181
6650 451.848466
6600 451.71636
6550 451.58096
6500 451.543229
6450 451.404035
6400 451.2615
6350 451.115682
6300 451.075799
6250 450.92616
6200 450.773301
6150 450.617256
6100 450.574907
6050 450.415036
6000 450.252029
5950 450.085976
5900 450.040979
5850 449.871276
5800 449.698649
5750 449.523322
5700 449.476078
5650 449.29758
5600 449.116496
5550 448.932955
5500 448.883955
5450 448.697679
5400 448.509098
5350 448.318368
5300 448.268055
5250 448.074884
5200 447.879683
5150 447.682553
5100 447.483541
5050 447.282601
5000 447.079912
4950 446.875659
4900 446.669675
4850 446.462003
4800 446.252753
4750 446.042048
4700 445.829767
4650 445.615951
4600 445.400737
4550 445.184223
4500 444.966332
4450 444.747109
4400 444.526665
4350 444.305101
4300 444.08241
4250 443.858634
4200 443.633851
4150 443.408138
4100 443.35215
4050 443.12528
4000 442.897614
3950 442.669236
3900 442.612036
3850 442.382798
3800 442.324999
3750 442.095039
3700 442.0367
3650 441.806128
3600 441.747299
3550 441.516229
3500 441.456942
3450 441.225485
3400 441.165784
3350 440.934057
3300 440.873986
3250 440.642076
3200 440.410133
3150 440.178209
3100 440.117701
3050 439.885806
3000 439.654044
2950 439.422464
2900 439.020791
2850 438.790093
2800 438.559775
2750 438.161156
2700 437.932316
2650 437.704034
2600 437.309985
2550 437.083725
2500 436.694007
2450 436.470126
2400 436.085492
2350 435.864384
2300 435.644262
2250 435.267632
2200 435.05078
2150 434.835076
2100 434.620572
2050 434.407323
2000 434.19535
1950 433.984694
1900 433.923983
1850 433.714674
1800 433.653775
1750 433.592716
1700 433.384798
1650 433.323605
1600 433.26228
1550 433.200839
1500 432.994497
1450 432.933021
1400 432.87147
1350 432.809839
1300 432.748136
1250 432.686366
1200 432.482003
1150 432.420305
1100 432.217716
1050 432.156128
1000 431.955395
950 431.893971
900 431.69519
850 431.49822
800 431.303119
750 430.978988
700 430.789472
650 430.476216
600 430.292609
550 429.990824
500 429.696886
450 429.299939
400 429.026164
350 428.659812
300 428.312417
250 427.898118
200 427.596826
150 427.245182
100 426.930481
50 426.603055
0 426.335233
