24000 418.155582
23950 418.146765
23900 418.137979
23850 418.129127
23800 418.120202
23750 418.111206
23700 418.102053
23650 418.092912
23600 418.083679
23550 418.074372
23500 418.06496
23450 418.055492
23400 418.045947
23350 418.036317
23300 418.026655
23250 418.01687
23200 418.007007
23150 417.997046
23100 417.98702
23050 417.977062
23000 417.966873
22950 417.956625
22900 417.946275
22850 417.935859
22800 417.925365
22750 417.915071
22700 417.904465
22650 417.893862
22600 417.88328
22550 417.872766
22500 417.862322
22450 417.851858
22400 417.841361
22350 417.830819
22300 417.820232
22250 417.809592
22200 417.798768
22150 417.788031
22100 417.777237
22050 417.766391
22000 417.75549
21950 417.744522
21900 417.733448
21850 417.722388
21800 417.711269
21750 417.700086
21700 417.688867
21650 417.677602
21600 417.66628
21550 417.654916
21500 417.643487
21450 417.632078
21400 417.620547
21350 417.608939
21300 417.597245
21250 417.585704
21200 417.573945
21150 417.562286
21100 417.55066
21050 417.539
21000 417.527341
20950 417.515714
20900 417.504062
20850 417.49241
20800 417.480764
20750 417.468945
20700 417.457296
20650 417.445658
20600 417.433964
20550 417.422201
20500 417.410366
20450 417.398457
20400 417.386466
20350 417.374415
20300 417.362282
20250 417.35029
20200 417.338046
20150 417.325963
20100 417.313939
20050 417.301938
20000 417.289953
19950 417.277948
19900 417.265903
19850 417.253891
19800 417.241854
19750 417.229779
19700 417.217668
19650 417.205606
19600 417.193462
19550 417.181269
19500 417.169033
19450 417.156968
19400 417.144686
19350 417.132356
19300 417.119971
19250 417.10791
19200 417.095672
19150 417.083575
19100 417.071537
19050 417.059498
19000 417.047535
18950 417.035607
18900 417.023737
18850 417.01193
18800 417.000112
18750 416.98811
18700 416.976317
18650 416.964503
18600 416.952656
18550 416.940733
18500 416.928765
18450 416.916724
18400 416.904819
18350 416.892849
18300 416.88102
18250 416.869283
18200 416.857539
18150 416.845844
18100 416.834133
18050 416.822426
18000 416.810696
17950 416.799009
17900 416.787313
17850 416.775609
17800 416.763891
17750 416.752175
17700 416.740594
17650 416.728904
17600 416.717245
17550 416.705657
17500 416.694312
17450 416.683025
17400 416.67162
17350 416.660427
17300 416.649254
17250 416.638081
17200 416.626916
17150 416.615685
17100 416.604554
17050 416.593406
17000 416.582269
16950 416.571116
16900 416.560067
16850 416.54895
16800 416.537823
16750 416.526722
16700 416.515831
16650 416.504771
16600 416.493746
16550 416.482814
16500 416.472201
16450 416.461524
16400 416.451107
16350 416.440719
16300 416.430337
16250 416.419976
16200 416.409625
16150 416.399245
16100 416.388945
16050 416.378663
16000 416.368373
15950 416.358115
15900 416.347871
15850 416.337808
15800 416.327641
15750 416.3175
15700 416.307423
15650 416.297407
15600 416.287572
15550 416.277865
15500 416.268185
15450 416.258545
15400 416.248991
15350 416.239527
15300 416.230142
15250 416.220816
15200 416.211541
15150 416.202307
15100 416.193131
15050 416.184014
15000 416.174959
14950 416.165956
14900 416.157039
14850 416.148202
14800 416.139399
14750 416.130756
14700 416.122329
14650 416.114003
14600 416.105456
14550 416.097181
14500 416.088929
14450 416.080677
14400 416.072399
14350 416.064219
14300 416.056073
14250 416.047932
14200 416.039929
14150 416.031922
14100 416.023923
14050 416.015977
14000 416.008069
13950 416.000238
13900 415.992658
13850 415.984972
13800 415.977382
13750 415.969975
13700 415.962722
13650 415.955486
13600 415.948359
13550 415.941316
13500 415.934325
13450 415.927411
13400 415.920537
13350 415.913733
13300 415.90699
13250 415.900302
13200 415.893717
13150 415.887244
13100 415.880893
13050 415.874577
13000 415.868359
12950 415.86226
12900 415.856273
12850 415.850329
12800 415.844561
12750 415.838989
12700 415.833499
12650 415.827883
12600 415.822514
12550 415.817181
12500 415.811818
12450 415.806615
12400 415.801448
12350 415.79634
12300 415.791317
12250 415.786341
12200 415.781404
12150 415.776637
12100 415.771842
12050 415.767183
12000 415.762666
11950 415.758235
11900 415.753906
11850 415.74969
11800 415.745557
11750 415.741496
11700 415.737539
11650 415.733655
11600 415.729847
11550 415.726142
11500 415.72249
11450 415.718938
11400 415.715476
11350 415.712067
11300 415.708774
11250 415.705571
11200 415.702459
11150 415.699404
11100 415.696388
11050 415.693428
11000 415.690519
10950 415.68768
10900 415.685037
10850 415.682341
10800 415.679792
10750 415.677372
10700 415.675072
10650 415.672881
10600 415.670877
10550 415.668841
10500 415.666996
10450 415.66521
10400 415.663438
10350 415.661805
10300 415.660231
10250 415.658729
10200 415.657336
10150 415.656039
10100 415.654839
10050 415.653699
10000 415.652677
9950 415.651742
9900 415.65087
9850 415.650086
9800 415.649381
9750 415.648758
9700 415.648221
9650 415.647779
9600 415.647439
9550 415.647214
9500 415.647157
9450 415.647116
9400 415.647366
9350 415.647639
9300 415.647954
9250 415.648304
9200 415.648683
9150 415.649104
9100 415.649547
9050 415.65003
9000 415.650547
8950 415.651132
8900 415.651773
8850 415.652761
8800 415.653652
8750 415.654687
8700 415.655871
8650 415.657217
8600 415.658621
8550 415.660279
8500 415.662143
8450 415.663794
8400 415.665788
8350 415.667813
8300 415.669706
8250 415.671845
8200 415.67402
8150 415.676237
8100 415.678448
8050 415.680777
8000 415.683169
7950 415.685599
7900 415.688085
7850 415.690688
7800 415.69332
7750 415.696017
7700 415.698823
7650 415.701757
7600 415.704948
7550 415.708166
7500 415.711374
7450 415.714562
7400 415.717876
7350 415.721135
7300 415.724439
7250 415.727908
7200 415.73149
7150 415.735149
7100 415.738886
7050 415.74271
7000 415.746615
6950 415.750631
6900 415.754759
6850 415.758959
6800 415.76339
6750 415.767962
6700 415.77252
6650 415.777063
6600 415.781591
6550 415.786102
6500 415.790826
6450 415.795402
6400 415.799954
6350 415.804516
6300 415.809516
6250 415.814372
6200 415.819406
6150 415.824555
6100 415.829816
6050 415.835139
6000 415.84057
5950 415.846122
5900 415.851631
5850 415.857428
5800 415.863433
5750 415.869437
5700 415.875192
5650 415.881221
5600 415.887234
5550 415.893218
5500 415.899218
5450 415.905238
5400 415.911234
5350 415.917207
5300 415.923454
5250 415.92956
5200 415.935899
5150 415.942334
5100 415.948858
5050 415.95545
5000 415.962102
4950 415.968824
4900 415.97559
4850 415.982423
4800 415.989338
4750 415.996381
4700 416.003447
4650 416.010487
4600 416.0175
4550 416.024479
4500 416.031498
4450 416.03872
4400 416.046049
4350 416.053442
4300 416.060885
4250 416.068372
4200 416.075892
4150 416.083436
4100 416.091014
4050 416.098618
4000 416.106247
3950 416.113899
3900 416.121652
3850 416.129358
3800 416.137198
3750 416.144969
3700 416.152893
3650 416.160737
3600 416.168745
3550 416.176687
3500 416.18478
3450 416.19276
3400 416.200932
3350 416.208953
3300 416.217197
3250 416.225414
3200 416.233762
3150 416.242164
3100 416.250542
3050 416.259049
3000 416.267589
2950 416.276173
2900 416.284861
2850 416.293467
2800 416.302111
2750 416.310789
2700 416.31947
2650 416.328155
2600 416.336781
2550 416.345441
2500 416.353933
2450 416.362699
2400 416.371567
2350 416.380461
2300 416.389416
2250 416.398446
2200 416.407427
2150 416.416457
2100 416.425504
2050 416.434587
2000 416.443702
1950 416.452875
1900 416.461975
1850 416.471209
1800 416.480354
1750 416.48952
1700 416.498791
1650 416.507997
1600 416.517221
1550 416.526463
1500 416.535793
1450 416.545068
1400 416.554359
1350 416.563663
1300 416.572982
1250 416.582312
1200 416.591716
1150 416.601073
1100 416.610472
1050 416.619847
1000 416.629256
950 416.638649
900 416.648062
850 416.657458
800 416.666859
750 416.676218
700 416.685604
650 416.694931
600 416.704319
550 416.713676
500 416.723196
450 416.732712
400 416.742127
350 416.751352
300 416.760305
250 416.769577
200 416.779001
150 416.788427
100 416.797822
50 416.807194
0 416.817051
