24000 264.188644
23950 264.156567
23900 264.217607
23850 264.277029
23800 264.334705
23750 264.390583
23700 264.357634
23650 264.411589
23600 264.463703
23550 264.51403
23500 264.480429
23450 264.528898
23400 264.575546
23350 264.62028
23300 264.58605
23250 264.62873
23200 264.669412
23150 264.708147
23100 264.744842
23050 264.709843
23000 264.744369
22950 264.77679
22900 264.807107
22850 264.835303
22800 264.861306
22750 264.825382
22700 264.849064
22650 264.870526
22600 264.889745
22550 264.90671
22500 264.921392
22450 264.933733
22400 264.943751
22350 264.951354
22300 264.956709
22250 264.959846
22200 264.921976
22150 264.9225
22100 264.920509
22050 264.916036
22000 264.909076
21950 264.899632
21900 264.860523
21850 264.848275
21800 264.833483
21750 264.816091
21700 264.796071
21650 264.755907
21600 264.733151
21550 264.707844
21500 264.67991
21450 264.638903
21400 264.608097
21350 264.574659
21300 264.538619
21250 264.496791
21200 264.45791
21150 264.416405
21100 264.372268
21050 264.32964
21000 264.282668
20950 264.233067
20900 264.180858
20850 264.126068
20800 264.068694
20750 264.025051
20700 263.965003
20650 263.902438
20600 263.837384
20550 263.769868
20500 263.699903
20450 263.627509
20400 263.552712
20350 263.475531
20300 263.396011
20250 263.351916
20200 263.270111
20150 263.186019
20100 263.099674
20050 263.011108
20000 262.920366
19950 262.82744
19900 262.783886
19850 262.688854
19800 262.59163
19750 262.492217
19700 262.39062
19650 262.347305
19600 262.243526
19550 262.137554
19500 262.029396
19450 261.98602
19400 261.875633
19350 261.763073
19300 261.648347
19250 261.604714
19200 261.487735
19150 261.368632
19100 261.24741
19050 261.203353
19000 261.079886
18950 260.954328
18900 260.826725
18850 260.69712
18800 260.565593
18750 260.5209
18700 260.38743
18650 260.25213
18600 260.115057
18550 259.976269
18500 259.835815
18450 259.693721
18400 259.649037
18350 259.50543
18300 259.360337
18250 259.213767
18200 259.065778
18150 258.916418
18100 258.765726
18050 258.613756
18000 258.569906
17950 258.416841
17900 258.262572
17850 258.107127
17800 257.950543
17750 257.792876
17700 257.749846
17650 257.591203
17600 257.431519
17550 257.270804
17500 257.109101
17450 256.946464
17400 256.904091
17350 256.740651
17300 256.576491
17250 256.41154
17200 256.24588
17150 256.204025
17100 256.037771
17050 255.870873
17000 255.7034
16950 255.535402
16900 255.494063
16850 255.325781
16800 255.157039
16750 254.987874
16700 254.947074
16650 254.777706
16600 254.608026
16550 254.438046
16500 254.267884
16450 254.227934
16400 254.05775
16350 253.887469
16300 253.717082
16250 253.546653
16200 253.376255
16150 253.337488
16100 253.167329
16050 252.997242
16000 252.8273
15950 252.657571
15900 252.488055
15850 252.450562
15800 252.281661
15750 252.113222
15700 251.945222
15650 251.777745
15600 251.610922
15550 251.444595
15500 251.278786
15450 251.113501
15400 251.078007
15350 250.913545
15300 250.749671
15250 250.586451
15200 250.423892
15150 250.262081
15100 250.101038
15050 250.067201
15000 249.907214
14950 249.748052
14900 249.589845
14850 249.4326
14800 249.400027
14750 249.244017
14700 249.089194
14650 248.935626
14600 248.904133
14550 248.752106
14500 248.601424
14450 248.451984
14400 248.421613
14350 248.273674
14300 248.127003
14250 247.981617
14200 247.952447
14150 247.808667
14100 247.666247
14050 247.525303
14000 247.385758
13950 247.247679
13900 247.220442
13850 247.084183
13800 246.949444
13750 246.816233
13700 246.684616
13650 246.554692
13600 246.426607
13550 246.300351
13500 246.175942
13450 246.053431
13400 245.932801
13350 245.813942
13300 245.696885
13250 245.581655
13200 245.468271
13150 245.35675
13100 245.334897
13050 245.225552
13000 245.118126
12950 245.012566
12900 244.908912
12850 244.888683
12800 244.78733
12750 244.687896
12700 244.590416
12650 244.571403
12600 244.476198
12550 244.383113
12500 244.364959
12450 244.274298
12400 244.185736
12350 244.168387
12300 244.082174
12250 243.998018
12200 243.916015
12150 243.899653
12100 243.820045
12050 243.742507
12000 243.666963
11950 243.593448
11900 243.578212
11850 243.507077
11800 243.438009
11750 243.371048
11700 243.306221
11650 243.243594
11600 243.183184
11550 243.125016
11500 243.069115
11450 243.01555
11400 242.964298
11350 242.915432
11300 242.868943
11250 242.824912
11200 242.783454
11150 242.744522
11100 242.708136
11050 242.674299
11000 242.643042
10950 242.614395
10900 242.607607
10850 242.582105
10800 242.559147
10750 242.538719
10700 242.533979
10650 242.516499
10600 242.501485
10550 242.498034
10500 242.485845
10450 242.476021
10400 242.473651
10350 242.466502
10300 242.461672
10250 242.460166
10200 242.457867
10150 242.457796
10100 242.459898
10050 242.459218
10000 242.463627
9950 242.47016
9900 242.478802
9850 242.48959
9800 242.502509
9750 242.517566
9700 242.534761
9650 242.554111
9600 242.575639
9550 242.599338
9500 242.625221
9450 242.626708
9400 242.655011
9350 242.685507
9300 242.718197
9250 242.75309
9200 242.790193
9150 242.829523
9100 242.871064
9050 242.914819
9000 242.960781
8950 243.008948
8900 243.059315
8850 243.064533
8800 243.117447
8750 243.172542
8700 243.229808
8650 243.289243
8600 243.296281
8550 243.358248
8500 243.422355
8450 243.430521
8400 243.497121
8350 243.565828
8300 243.575138
8250 243.646312
8200 243.719583
8150 243.79496
8100 243.805813
8050 243.883638
8000 243.963504
7950 244.045379
7900 244.129235
7850 244.141971
7800 244.228108
7750 244.316129
7700 244.405989
7650 244.497668
7600 244.591137
7550 244.686336
7500 244.783235
7450 244.881797
7400 244.897002
7350 244.997405
7300 245.099392
7250 245.202926
7200 245.307996
7150 245.414543
7100 245.52254
7050 245.631971
7000 245.742788
6950 245.854965
6900 245.968479
6850 245.985458
6800 246.100512
6750 246.2169
6700 246.334635
6650 246.453711
6600 246.574075
6550 246.695733
6500 246.714137
6450 246.837323
6400 246.961763
6350 247.087454
6300 247.106875
6250 247.234213
6200 247.36282
6150 247.492579
6100 247.513098
6050 247.644254
6000 247.776476
5950 247.909798
5900 247.931421
5850 248.065949
5800 248.201427
5750 248.337788
5700 248.36035
5650 248.497775
5600 248.63599
5550 248.774945
5500 248.798272
5450 248.938053
5400 249.078488
5350 249.219537
5300 249.243508
5250 249.38526
5200 249.52753
5150 249.670336
5100 249.813593
5050 249.957301
5000 250.101373
4950 250.245982
4900 250.390987
4850 250.536355
4800 250.682167
4750 250.828325
4700 250.974843
4650 251.121552
4600 251.268402
4550 251.415476
4500 251.562566
4450 251.709734
4400 251.856859
4350 252.003948
4300 252.151001
4250 252.297884
4200 252.444603
4150 252.591113
4100 252.618255
4050 252.764585
4000 252.910565
3950 253.056273
3900 253.083703
3850 253.229153
3800 253.256744
3750 253.401773
3700 253.429512
3650 253.574082
3600 253.601973
3550 253.746036
3500 253.77408
3450 253.917614
3400 253.945818
3350 254.088833
3300 254.117204
3250 254.259684
3200 254.401465
3150 254.542528
3100 254.571163
3050 254.711449
3000 254.850935
2950 254.989632
2900 255.235514
2850 255.371468
2800 255.506499
2750 255.744479
2700 255.876409
2650 256.007315
2600 256.236831
2550 256.364405
2500 256.586841
2450 256.710793
2400 256.925789
2350 257.045973
2300 257.164802
2250 257.368763
2200 257.483199
2150 257.596127
2100 257.70753
2050 257.817373
2000 257.92568
1950 258.032368
1900 258.06218
1850 258.167275
1800 258.197228
1750 258.227266
1700 258.330762
1650 258.360894
1600 258.391085
1550 258.421324
1500 258.523078
1450 258.553343
1400 258.583631
1350 258.61393
1300 258.644234
1250 258.674534
1200 258.774299
1150 258.804507
1100 258.90236
1050 258.932435
1000 259.028294
950 259.058201
900 259.152056
850 259.243902
800 259.333764
750 259.478667
700 259.562864
650 259.696325
600 259.774436
550 259.895897
500 260.009233
450 260.149685
400 260.242289
350 260.35161
300 260.441901
250 260.523847
200 260.569627
150 260.59216
100 260.580934
50 260.513618
0 260.395297
